1,0.89917,0.87812,0.84471,0.88044,0.89349,0.91184,0.86975,0.8209,0.8634,0.90656,0.89402,0.93471,0.93189,0.88958,0.75051,0.80223,0.78839,0.8031,0.76021,0.70459,0.68208,0.67978,0.65912,0.85004,0.74362,0.74142,0.74994,0.74896,0.67779,0.71294,0.75175,0.6204,0.69426,0.72979,0.65734,0.72386,0.69063,0.73569,0.73097,0.76698,0.73857,0.74316,0.75172,0.79202,0.77325,0.80059,0.77312,0.78875,0.75242,0.81575,0.7914,0.81654,0.79447,0.77954,0.77259,0.77805,0.78573,0.81385,0.82269,0.82568,0.73048,0.82335,0.82568,0.8448,0.81654,0.82202,0.82864,0.82326,0.80299,0.79274,0.8202,0.82126,0.74641,0.82346,0.78699,0.82359,0.74964,0.80232,0.79617,0.78758,0.76929,0.75428,0.84656,0.84772,0.83726
0.89917,1,0.93868,0.90414,0.89907,0.94774,0.93164,0.87553,0.80458,0.86073,0.96989,0.95286,0.95523,0.96721,0.90115,0.74129,0.85382,0.82791,0.79192,0.78134,0.69408,0.76445,0.7703,0.72943,0.86229,0.74782,0.7135,0.72176,0.73648,0.64315,0.69477,0.74552,0.69791,0.73609,0.7467,0.7013,0.78056,0.7314,0.76085,0.79575,0.77197,0.75608,0.79719,0.75857,0.79545,0.78666,0.7935,0.76709,0.79433,0.7775,0.80356,0.78213,0.81549,0.79327,0.75483,0.71751,0.7206,0.7175,0.81744,0.83562,0.86075,0.76768,0.79715,0.75589,0.8024,0.74637,0.75923,0.75706,0.77171,0.71049,0.73774,0.82169,0.80149,0.74057,0.79975,0.76613,0.79946,0.77653,0.76533,0.78696,0.77397,0.75398,0.72579,0.79655,0.78062,0.82098
0.87812,0.93868,1,0.89311,0.8846,0.95015,0.89808,0.85927,0.78904,0.84189,0.93654,0.96299,0.9382,0.93117,0.8743,0.72016,0.81622,0.79469,0.80061,0.75804,0.68171,0.7386,0.73981,0.70014,0.83995,0.69998,0.66843,0.6765,0.68847,0.63166,0.66743,0.7226,0.67005,0.70401,0.71459,0.67194,0.758,0.70487,0.72916,0.76966,0.75214,0.72955,0.7627,0.73137,0.75056,0.74253,0.74742,0.7198,0.74711,0.72859,0.74793,0.72793,0.76043,0.73793,0.72968,0.70631,0.71579,0.71231,0.80523,0.83303,0.88884,0.73899,0.74898,0.71417,0.76319,0.71592,0.71553,0.72517,0.77051,0.71075,0.73821,0.78915,0.76358,0.68369,0.77002,0.71051,0.75358,0.74995,0.72141,0.76971,0.72362,0.73458,0.68103,0.75177,0.74156,0.77394
0.84471,0.90414,0.89311,1,0.96758,0.92479,0.89683,0.8664,0.81012,0.85154,0.9165,0.92023,0.8822,0.88332,0.86529,0.68639,0.7937,0.79226,0.73419,0.73075,0.64789,0.68648,0.69085,0.64428,0.79599,0.71187,0.6822,0.69131,0.70678,0.61051,0.64129,0.68803,0.64714,0.68853,0.68327,0.63055,0.73897,0.65921,0.69253,0.7422,0.71958,0.70636,0.73966,0.71442,0.73489,0.73058,0.73944,0.72117,0.73986,0.72517,0.74875,0.74356,0.7701,0.74981,0.71553,0.6981,0.70658,0.69334,0.7703,0.79001,0.86643,0.70236,0.72852,0.6892,0.74879,0.69695,0.70198,0.70654,0.75245,0.68025,0.73696,0.76705,0.77743,0.70656,0.76386,0.72033,0.74107,0.75988,0.71246,0.76308,0.71788,0.73329,0.68435,0.73043,0.72939,0.77228
0.88044,0.89907,0.8846,0.96758,1,0.92338,0.91769,0.88364,0.83871,0.87311,0.92156,0.91389,0.89418,0.89178,0.88632,0.708,0.81018,0.81381,0.75686,0.75151,0.67424,0.68283,0.68502,0.64134,0.81915,0.7422,0.71343,0.72341,0.7341,0.64538,0.67148,0.71457,0.64517,0.70242,0.70371,0.63581,0.74034,0.66786,0.70894,0.74863,0.74219,0.72492,0.75179,0.74407,0.75505,0.74577,0.76481,0.74381,0.75866,0.73465,0.77944,0.77352,0.79691,0.77536,0.74571,0.73746,0.74076,0.72971,0.79001,0.80575,0.86151,0.71549,0.76113,0.73776,0.79158,0.74658,0.74459,0.75355,0.7847,0.72656,0.7695,0.79195,0.80995,0.73107,0.79208,0.75145,0.77578,0.77491,0.74907,0.78917,0.74702,0.7599,0.71972,0.76721,0.7782,0.80655
0.89349,0.94774,0.95015,0.92479,0.92338,1,0.92882,0.88018,0.81645,0.86615,0.9589,0.97075,0.9373,0.93462,0.89794,0.72962,0.84385,0.82895,0.79697,0.77385,0.69694,0.7373,0.74201,0.70047,0.84935,0.76455,0.72958,0.73782,0.75092,0.65518,0.68333,0.73336,0.69169,0.72836,0.72842,0.67584,0.78649,0.70516,0.73909,0.79238,0.75985,0.74686,0.78829,0.75618,0.78212,0.77961,0.77919,0.76206,0.78226,0.76951,0.79298,0.78272,0.81381,0.79264,0.75042,0.72982,0.73705,0.73164,0.81522,0.83435,0.88201,0.74518,0.77656,0.73959,0.78539,0.74147,0.75135,0.75219,0.7811,0.72132,0.76049,0.80018,0.80595,0.74139,0.79545,0.75964,0.7931,0.79499,0.76452,0.80382,0.76811,0.77594,0.72475,0.78158,0.78078,0.81949
0.91184,0.93164,0.89808,0.89683,0.91769,0.92882,1,0.88519,0.84414,0.87424,0.95584,0.93258,0.92344,0.9233,0.93137,0.7309,0.83382,0.83049,0.80406,0.76979,0.70121,0.69257,0.69564,0.65002,0.83507,0.77365,0.75042,0.76145,0.77102,0.68802,0.70983,0.75,0.66788,0.72696,0.72744,0.6651,0.75839,0.69685,0.73024,0.76703,0.77889,0.76923,0.77417,0.75733,0.80465,0.79904,0.81379,0.80005,0.80803,0.78919,0.82983,0.81083,0.83669,0.8217,0.79405,0.77701,0.76852,0.76474,0.83161,0.84313,0.86179,0.7483,0.80218,0.78425,0.8215,0.7764,0.79657,0.79052,0.79127,0.74194,0.77302,0.80103,0.81104,0.78108,0.78819,0.79861,0.82168,0.80013,0.80415,0.81418,0.80292,0.7883,0.77597,0.81918,0.81612,0.83158
0.86975,0.87553,0.85927,0.8664,0.88364,0.88018,0.88519,1,0.91023,0.94392,0.88601,0.8723,0.87638,0.87875,0.86943,0.81028,0.86388,0.87912,0.82803,0.83934,0.77849,0.74555,0.74977,0.71079,0.88376,0.77536,0.7771,0.7842,0.78531,0.74731,0.75675,0.79614,0.73209,0.78767,0.80326,0.73979,0.81809,0.77555,0.80726,0.84746,0.81285,0.78262,0.83008,0.82457,0.80996,0.80215,0.81273,0.79129,0.80736,0.78138,0.81302,0.79843,0.83026,0.80575,0.79808,0.78481,0.78462,0.78163,0.83292,0.84326,0.85229,0.7824,0.7934,0.78027,0.83242,0.77543,0.78007,0.78019,0.82564,0.77085,0.80219,0.82251,0.81829,0.75309,0.80958,0.78007,0.80991,0.77984,0.78218,0.81452,0.77159,0.7788,0.76169,0.80815,0.81845,0.85091
0.8209,0.80458,0.78904,0.81012,0.83871,0.81645,0.84414,0.91023,1,0.93981,0.82704,0.80596,0.80408,0.80629,0.82773,0.74035,0.7612,0.7877,0.77443,0.76524,0.71151,0.6399,0.63611,0.59291,0.79308,0.72801,0.73173,0.74015,0.74372,0.71525,0.69321,0.72795,0.63114,0.6778,0.68753,0.63224,0.71548,0.66636,0.68792,0.71848,0.73917,0.71311,0.72028,0.7183,0.76037,0.75603,0.76816,0.75657,0.76102,0.73941,0.77125,0.75152,0.78213,0.76188,0.73763,0.73895,0.73865,0.73784,0.76498,0.77329,0.79475,0.70568,0.74335,0.7424,0.78165,0.73261,0.74391,0.73775,0.77056,0.74187,0.7591,0.76027,0.76822,0.72608,0.74285,0.74672,0.76713,0.73575,0.74922,0.7672,0.73547,0.7326,0.73811,0.75725,0.77669,0.79307
0.8634,0.86073,0.84189,0.85154,0.87311,0.86615,0.87424,0.94392,0.93981,1,0.87362,0.85574,0.86162,0.86704,0.85352,0.78247,0.81019,0.82488,0.80039,0.81254,0.7444,0.69493,0.69257,0.65718,0.84802,0.75845,0.76038,0.76948,0.76985,0.72406,0.72355,0.76262,0.65699,0.70846,0.73551,0.66146,0.75388,0.70041,0.74035,0.76627,0.77442,0.74344,0.75998,0.75155,0.79209,0.78476,0.79874,0.77865,0.79196,0.7653,0.80916,0.79134,0.8234,0.8002,0.76419,0.75719,0.76505,0.77114,0.80183,0.81375,0.8304,0.74515,0.79105,0.78484,0.82907,0.77584,0.78281,0.78361,0.81452,0.77636,0.79293,0.81129,0.80981,0.74741,0.79646,0.7742,0.80982,0.76597,0.78149,0.79818,0.76872,0.76873,0.75173,0.80323,0.82079,0.83811
0.90656,0.96989,0.93654,0.9165,0.92156,0.9589,0.95584,0.88601,0.82704,0.87362,1,0.96609,0.94753,0.95251,0.92101,0.73316,0.84628,0.83002,0.79936,0.76984,0.69485,0.73756,0.74163,0.69317,0.8424,0.76183,0.72768,0.73916,0.75118,0.66137,0.69727,0.7456,0.68639,0.7319,0.73364,0.67911,0.77479,0.71075,0.74024,0.78305,0.77861,0.7691,0.7926,0.76194,0.80111,0.79683,0.80311,0.7846,0.80179,0.78638,0.81807,0.79907,0.82961,0.81062,0.77478,0.74805,0.74748,0.74058,0.83069,0.84808,0.87856,0.76034,0.80223,0.76808,0.80937,0.76138,0.7777,0.77394,0.78533,0.7292,0.76296,0.81003,0.81194,0.76559,0.79792,0.78396,0.81419,0.80132,0.78785,0.80877,0.79163,0.7805,0.75105,0.80452,0.79748,0.82273
0.89402,0.95286,0.96299,0.92023,0.91389,0.97075,0.93258,0.8723,0.80596,0.85574,0.96609,1,0.94855,0.94186,0.90274,0.71431,0.82373,0.80913,0.79586,0.75843,0.67941,0.72728,0.73121,0.68425,0.82845,0.7288,0.699,0.70855,0.72067,0.63506,0.67347,0.7235,0.66999,0.70903,0.71238,0.6619,0.76553,0.69212,0.72235,0.77091,0.75744,0.74597,0.77191,0.74066,0.77374,0.76903,0.77382,0.75352,0.77371,0.75822,0.78098,0.7651,0.7946,0.77739,0.751,0.72829,0.73539,0.72742,0.81616,0.83934,0.89186,0.74127,0.77186,0.73558,0.77828,0.73682,0.74699,0.74942,0.77695,0.71855,0.75525,0.78641,0.78787,0.72773,0.78044,0.74557,0.78359,0.78339,0.75686,0.79214,0.7616,0.76678,0.71464,0.77662,0.76701,0.7961
0.93471,0.95523,0.9382,0.8822,0.89418,0.9373,0.92344,0.87638,0.80408,0.86162,0.94753,0.94855,1,0.97518,0.89309,0.75009,0.83752,0.80968,0.8067,0.77944,0.70353,0.74513,0.7435,0.71634,0.87327,0.73324,0.70851,0.7177,0.7255,0.64636,0.70586,0.75732,0.65935,0.71648,0.74665,0.68456,0.7556,0.72016,0.76133,0.77497,0.77922,0.75217,0.77549,0.75791,0.78729,0.77001,0.79088,0.75663,0.78334,0.75255,0.80469,0.78187,0.81111,0.78759,0.76679,0.7424,0.75365,0.75652,0.82395,0.84125,0.85558,0.76262,0.81268,0.79408,0.83145,0.79033,0.7892,0.80178,0.81375,0.76906,0.77179,0.83737,0.81595,0.72617,0.82886,0.76474,0.81305,0.76104,0.77435,0.79404,0.77149,0.76451,0.72005,0.82219,0.81049,0.83147
0.93189,0.96721,0.93117,0.88332,0.89178,0.93462,0.9233,0.87875,0.80629,0.86704,0.95251,0.94186,0.97518,1,0.89233,0.75507,0.84311,0.81317,0.80051,0.78511,0.70485,0.75149,0.74998,0.72572,0.87742,0.74177,0.71656,0.72515,0.73436,0.64827,0.71045,0.75812,0.67015,0.72487,0.75273,0.69465,0.7617,0.72827,0.76734,0.78076,0.7801,0.7548,0.78045,0.75926,0.7964,0.77971,0.79916,0.76494,0.79352,0.76516,0.8111,0.78789,0.81765,0.79467,0.76558,0.73615,0.74416,0.74695,0.82291,0.8387,0.84868,0.76777,0.81621,0.79291,0.83122,0.78562,0.78985,0.79916,0.80545,0.75856,0.76284,0.84355,0.82029,0.73238,0.83144,0.77034,0.81619,0.76253,0.7779,0.79034,0.77776,0.76033,0.72546,0.82651,0.80975,0.83853
0.88958,0.90115,0.8743,0.86529,0.88632,0.89794,0.93137,0.86943,0.82773,0.85352,0.92101,0.90274,0.89309,0.89233,1,0.727,0.82458,0.8193,0.81607,0.7568,0.70063,0.66995,0.67901,0.6359,0.82688,0.75645,0.74512,0.75177,0.75892,0.68541,0.70982,0.74078,0.68741,0.74577,0.73592,0.69487,0.75412,0.72195,0.73705,0.75085,0.76452,0.76474,0.77444,0.76417,0.7865,0.77844,0.79055,0.78029,0.78794,0.77161,0.80033,0.78305,0.81211,0.79355,0.78767,0.77865,0.76345,0.75063,0.8262,0.8368,0.8416,0.73878,0.7881,0.76654,0.801,0.75281,0.77486,0.76511,0.7683,0.71523,0.7509,0.77149,0.78764,0.76649,0.7668,0.7868,0.79803,0.76937,0.78109,0.78359,0.78292,0.75986,0.77637,0.80007,0.79664,0.81849
0.75051,0.74129,0.72016,0.68639,0.708,0.72962,0.7309,0.81028,0.74035,0.78247,0.73316,0.71431,0.75009,0.75507,0.727,1,0.78294,0.80073,0.71121,0.85688,0.87454,0.6888,0.69382,0.67615,0.85856,0.73604,0.76708,0.76755,0.75609,0.85498,0.76894,0.79534,0.70436,0.73718,0.78304,0.7238,0.76473,0.76359,0.7943,0.80047,0.76713,0.71811,0.76242,0.76835,0.74419,0.73699,0.73707,0.71297,0.73218,0.70408,0.73252,0.71488,0.75188,0.71971,0.72492,0.71515,0.73486,0.74409,0.74101,0.74428,0.73958,0.74822,0.74144,0.73988,0.76618,0.73119,0.72224,0.73006,0.77785,0.72139,0.74352,0.75914,0.72642,0.66987,0.7333,0.70519,0.75358,0.69778,0.71681,0.74443,0.69981,0.71553,0.70479,0.75368,0.7728,0.79754
0.80223,0.85382,0.81622,0.7937,0.81018,0.84385,0.83382,0.86388,0.7612,0.81019,0.84628,0.82373,0.83752,0.84311,0.82458,0.78294,1,0.95647,0.83206,0.82429,0.75858,0.80669,0.83135,0.79703,0.9212,0.78377,0.76518,0.7666,0.7764,0.70977,0.74348,0.79109,0.80657,0.86845,0.86214,0.79678,0.86729,0.82559,0.87184,0.8921,0.8149,0.79775,0.90528,0.87933,0.77214,0.76789,0.76538,0.74455,0.76821,0.75287,0.78048,0.7732,0.80552,0.78556,0.79342,0.75399,0.73211,0.72465,0.82172,0.83172,0.78093,0.80091,0.75968,0.72642,0.77625,0.72755,0.72706,0.72957,0.75695,0.68763,0.7215,0.80103,0.77751,0.73057,0.77203,0.75633,0.7726,0.75029,0.7415,0.77783,0.74397,0.74122,0.72375,0.77049,0.76875,0.82746
0.78839,0.82791,0.79469,0.79226,0.81381,0.82895,0.83049,0.87912,0.7877,0.82488,0.83002,0.80913,0.80968,0.81317,0.8193,0.80073,0.95647,1,0.82346,0.84496,0.77797,0.77172,0.79377,0.75452,0.91294,0.77863,0.77619,0.77602,0.78338,0.74439,0.74649,0.78704,0.79335,0.85878,0.84714,0.77768,0.85794,0.80617,0.85327,0.88539,0.80332,0.78145,0.88497,0.87087,0.765,0.76347,0.76144,0.7461,0.76263,0.74653,0.77201,0.76418,0.79889,0.7797,0.78759,0.75997,0.73914,0.73114,0.80637,0.81589,0.78028,0.78036,0.74533,0.71953,0.77121,0.72136,0.72004,0.7203,0.7577,0.68784,0.7318,0.77675,0.76558,0.72798,0.74804,0.74732,0.76456,0.75274,0.73947,0.78064,0.73743,0.74328,0.73288,0.7562,0.76632,0.82081
0.8031,0.79192,0.80061,0.73419,0.75686,0.79697,0.80406,0.82803,0.77443,0.80039,0.79936,0.79586,0.8067,0.80051,0.81607,0.71121,0.83206,0.82346,1,0.74037,0.70067,0.67229,0.68217,0.64748,0.82727,0.72067,0.71637,0.71995,0.72484,0.68012,0.72321,0.75892,0.67937,0.73136,0.73771,0.69853,0.75288,0.72258,0.74242,0.74466,0.79706,0.79693,0.7605,0.76701,0.75711,0.74777,0.75672,0.74527,0.754,0.73747,0.75215,0.72985,0.75704,0.74232,0.82103,0.80931,0.78892,0.77943,0.85782,0.87859,0.78776,0.75618,0.74279,0.73023,0.75384,0.72641,0.7421,0.73907,0.77162,0.71978,0.75011,0.75403,0.7454,0.7188,0.7374,0.74457,0.75933,0.73384,0.74766,0.77196,0.74902,0.74883,0.73464,0.77542,0.75114,0.77019
0.76021,0.78134,0.75804,0.73075,0.75151,0.77385,0.76979,0.83934,0.76524,0.81254,0.76984,0.75843,0.77944,0.78511,0.7568,0.85688,0.82429,0.84496,0.74037,1,0.84222,0.70776,0.71234,0.69754,0.88626,0.75797,0.78165,0.77689,0.76964,0.79404,0.75289,0.78336,0.70129,0.74816,0.79228,0.71192,0.76947,0.7506,0.8063,0.81479,0.76403,0.72155,0.77382,0.76545,0.74099,0.73099,0.74085,0.71352,0.73488,0.7066,0.7472,0.7374,0.77064,0.74821,0.73172,0.7245,0.74036,0.74631,0.75106,0.75723,0.74935,0.74727,0.74448,0.73102,0.77747,0.72835,0.71413,0.72586,0.78244,0.701,0.74194,0.76727,0.73838,0.68228,0.73507,0.71154,0.75711,0.71951,0.72063,0.75841,0.71072,0.73206,0.70879,0.75182,0.7738,0.82166
0.70459,0.69408,0.68171,0.64789,0.67424,0.69694,0.70121,0.77849,0.71151,0.7444,0.69485,0.67941,0.70353,0.70485,0.70063,0.87454,0.75858,0.77797,0.70067,0.84222,1,0.63623,0.64045,0.62005,0.83032,0.71384,0.74528,0.74117,0.73042,0.84027,0.74265,0.7666,0.70397,0.73285,0.75135,0.7177,0.7516,0.75331,0.7624,0.78148,0.73318,0.69048,0.73789,0.75235,0.70479,0.69902,0.69318,0.67692,0.69036,0.66879,0.70112,0.68314,0.71932,0.69364,0.69551,0.6936,0.71159,0.71974,0.71049,0.71263,0.69806,0.71251,0.69768,0.6952,0.71745,0.69381,0.67885,0.68622,0.74275,0.68097,0.7132,0.70814,0.68167,0.64432,0.68623,0.67557,0.71216,0.67747,0.68512,0.71801,0.66895,0.69618,0.68404,0.70967,0.7368,0.76245
0.68208,0.76445,0.7386,0.68648,0.68283,0.7373,0.69257,0.74555,0.6399,0.69493,0.73756,0.72728,0.74513,0.75149,0.66995,0.6888,0.80669,0.77172,0.67229,0.70776,0.63623,1,0.96983,0.93354,0.78972,0.61999,0.59156,0.59994,0.61706,0.58784,0.6187,0.6852,0.75097,0.76267,0.78897,0.73615,0.76781,0.76382,0.79835,0.79293,0.71477,0.66988,0.83696,0.80114,0.68426,0.6794,0.66694,0.63016,0.67354,0.65432,0.65161,0.63553,0.66584,0.64245,0.64379,0.5967,0.58156,0.57985,0.68171,0.69372,0.69458,0.70554,0.6413,0.60388,0.65903,0.59829,0.59896,0.59618,0.64815,0.59078,0.60554,0.71966,0.67409,0.58573,0.69755,0.61714,0.64127,0.61925,0.60018,0.6798,0.60295,0.60478,0.5732,0.63849,0.62629,0.69117
0.67978,0.7703,0.73981,0.69085,0.68502,0.74201,0.69564,0.74977,0.63611,0.69257,0.74163,0.73121,0.7435,0.74998,0.67901,0.69382,0.83135,0.79377,0.68217,0.71234,0.64045,0.96983,1,0.95126,0.79958,0.63032,0.6025,0.60906,0.62387,0.59003,0.62273,0.68734,0.77503,0.79262,0.80973,0.7563,0.7896,0.7813,0.8203,0.81788,0.7192,0.67725,0.86532,0.82515,0.68448,0.68279,0.66497,0.63131,0.67377,0.65885,0.64973,0.63551,0.66731,0.6441,0.65265,0.60346,0.58458,0.58125,0.68975,0.7023,0.69699,0.70831,0.64001,0.59865,0.65642,0.59451,0.59593,0.59139,0.64341,0.58207,0.60101,0.71465,0.66916,0.59001,0.69082,0.61864,0.64128,0.62269,0.60034,0.67595,0.60506,0.60643,0.57509,0.6384,0.6256,0.69233
0.65912,0.72943,0.70014,0.64428,0.64134,0.70047,0.65002,0.71079,0.59291,0.65718,0.69317,0.68425,0.71634,0.72572,0.6359,0.67615,0.79703,0.75452,0.64748,0.69754,0.62005,0.93354,0.95126,1,0.78951,0.6094,0.58628,0.58873,0.60176,0.56328,0.59021,0.65102,0.74853,0.76952,0.79554,0.7413,0.75942,0.76436,0.81505,0.79539,0.67247,0.62789,0.82481,0.78613,0.65498,0.64638,0.6349,0.59573,0.64437,0.62428,0.61676,0.61308,0.63676,0.61686,0.60655,0.56078,0.54512,0.54824,0.64476,0.65481,0.64367,0.6665,0.61242,0.57458,0.63632,0.56646,0.57094,0.56886,0.61297,0.55859,0.56283,0.69603,0.64272,0.5526,0.67298,0.58802,0.60912,0.56914,0.5681,0.62994,0.57023,0.56243,0.53218,0.61815,0.60227,0.6789
0.85004,0.86229,0.83995,0.79599,0.81915,0.84935,0.83507,0.88376,0.79308,0.84802,0.8424,0.82845,0.87327,0.87742,0.82688,0.85856,0.9212,0.91294,0.82727,0.88626,0.83032,0.78972,0.79958,0.78951,1,0.78388,0.7854,0.78356,0.78453,0.76916,0.7652,0.81266,0.77839,0.84171,0.84963,0.79183,0.84123,0.82938,0.86892,0.88476,0.81345,0.7685,0.85914,0.85513,0.78696,0.77453,0.78052,0.74895,0.77867,0.74773,0.78956,0.77696,0.80845,0.78424,0.78059,0.76127,0.76633,0.76895,0.81523,0.82488,0.79753,0.79376,0.79207,0.77859,0.82344,0.77491,0.76185,0.77325,0.81869,0.75519,0.76969,0.83932,0.80355,0.71881,0.81818,0.75988,0.79729,0.74163,0.75508,0.79168,0.74632,0.75389,0.72798,0.80315,0.81217,0.86555
0.74362,0.74782,0.69998,0.71187,0.7422,0.76455,0.77365,0.77536,0.72801,0.75845,0.76183,0.7288,0.73324,0.74177,0.75645,0.73604,0.78377,0.77863,0.72067,0.75797,0.71384,0.61999,0.63032,0.6094,0.78388,1,0.89473,0.90481,0.90276,0.71665,0.70428,0.73826,0.65096,0.68834,0.69932,0.63289,0.70891,0.66009,0.70633,0.7242,0.74069,0.73948,0.72202,0.71691,0.80989,0.80612,0.81583,0.81546,0.81558,0.80718,0.8641,0.87823,0.88695,0.88333,0.76847,0.76482,0.77419,0.76296,0.76048,0.75374,0.72714,0.72156,0.79995,0.77676,0.80073,0.76825,0.79412,0.77996,0.77126,0.70919,0.7623,0.80039,0.82263,0.82674,0.77775,0.83677,0.82619,0.83244,0.8367,0.82954,0.83708,0.81649,0.83122,0.83115,0.83147,0.88416
0.74142,0.7135,0.66843,0.6822,0.71343,0.72958,0.75042,0.7771,0.73173,0.76038,0.72768,0.699,0.70851,0.71656,0.74512,0.76708,0.76518,0.77619,0.71637,0.78165,0.74528,0.59156,0.6025,0.58628,0.7854,0.89473,1,0.97844,0.95569,0.76048,0.71895,0.73605,0.63812,0.69349,0.71179,0.6384,0.72194,0.66146,0.71481,0.72648,0.73264,0.72964,0.71575,0.72767,0.80936,0.80278,0.81804,0.82064,0.81392,0.79795,0.82832,0.83075,0.84672,0.83731,0.77172,0.77337,0.76776,0.75969,0.75601,0.74337,0.70319,0.70294,0.77444,0.77045,0.77811,0.74925,0.78036,0.76602,0.75942,0.70679,0.7521,0.75453,0.77947,0.78906,0.73947,0.80229,0.80385,0.78155,0.81747,0.78912,0.81057,0.78076,0.82889,0.82526,0.81966,0.86033
0.74994,0.72176,0.6765,0.69131,0.72341,0.73782,0.76145,0.7842,0.74015,0.76948,0.73916,0.70855,0.7177,0.72515,0.75177,0.76755,0.7666,0.77602,0.71995,0.77689,0.74117,0.59994,0.60906,0.58873,0.78356,0.90481,0.97844,1,0.97124,0.75691,0.71702,0.73424,0.63063,0.68886,0.71303,0.62814,0.7146,0.65506,0.71534,0.72527,0.73426,0.72922,0.71884,0.72831,0.82271,0.81847,0.83263,0.83521,0.82732,0.81174,0.85057,0.84766,0.86597,0.85574,0.77326,0.77712,0.7786,0.77281,0.75767,0.74765,0.71416,0.70178,0.7915,0.78837,0.79522,0.76561,0.79908,0.78203,0.77251,0.72275,0.76532,0.77609,0.79965,0.80893,0.75881,0.82249,0.82103,0.79431,0.83354,0.80219,0.82582,0.79492,0.84195,0.84018,0.83561,0.87192
0.74896,0.73648,0.68847,0.70678,0.7341,0.75092,0.77102,0.78531,0.74372,0.76985,0.75118,0.72067,0.7255,0.73436,0.75892,0.75609,0.7764,0.78338,0.72484,0.76964,0.73042,0.61706,0.62387,0.60176,0.78453,0.90276,0.95569,0.97124,1,0.74133,0.7041,0.72728,0.64325,0.69602,0.71268,0.63388,0.71709,0.66049,0.71655,0.72914,0.72817,0.72365,0.72869,0.73042,0.84087,0.8383,0.84845,0.85251,0.8472,0.83594,0.86248,0.85692,0.87857,0.8697,0.76448,0.7645,0.7655,0.75763,0.75199,0.74321,0.71807,0.69916,0.79008,0.77782,0.79358,0.75581,0.79419,0.77387,0.76161,0.70917,0.75314,0.7951,0.81836,0.82773,0.77563,0.83811,0.81938,0.80379,0.83474,0.80439,0.83258,0.7914,0.84454,0.84023,0.82614,0.88106
0.67779,0.64315,0.63166,0.61051,0.64538,0.65518,0.68802,0.74731,0.71525,0.72406,0.66137,0.63506,0.64636,0.64827,0.68541,0.85498,0.70977,0.74439,0.68012,0.79404,0.84027,0.58784,0.59003,0.56328,0.76916,0.71665,0.76048,0.75691,0.74133,1,0.73721,0.75729,0.66207,0.68756,0.69001,0.65828,0.70937,0.69282,0.69223,0.72007,0.72348,0.68664,0.68978,0.70888,0.69607,0.7007,0.69036,0.68796,0.68647,0.67253,0.68684,0.66795,0.7009,0.68545,0.69444,0.70696,0.71166,0.71397,0.69408,0.68926,0.67439,0.68648,0.67142,0.67995,0.69405,0.6683,0.67058,0.66055,0.71319,0.66475,0.70127,0.66524,0.65893,0.66102,0.6371,0.67873,0.69782,0.67315,0.69065,0.71885,0.67098,0.69196,0.70991,0.69152,0.72251,0.73528
0.71294,0.69477,0.66743,0.64129,0.67148,0.68333,0.70983,0.75675,0.69321,0.72355,0.69727,0.67347,0.70586,0.71045,0.70982,0.76894,0.74348,0.74649,0.72321,0.75289,0.74265,0.6187,0.62273,0.59021,0.7652,0.70428,0.71895,0.71702,0.7041,0.73721,1,0.89431,0.64738,0.67926,0.72293,0.67683,0.71086,0.70485,0.72171,0.71575,0.86344,0.86036,0.70062,0.72029,0.70962,0.69362,0.71905,0.69908,0.70565,0.67852,0.71804,0.69593,0.7284,0.69435,0.82058,0.80005,0.77131,0.74993,0.8127,0.80154,0.72378,0.86894,0.70789,0.71002,0.73199,0.70723,0.70156,0.71031,0.75178,0.68472,0.72312,0.70151,0.68881,0.65818,0.68131,0.68811,0.72497,0.69987,0.70778,0.73591,0.69807,0.71811,0.69905,0.7361,0.72861,0.73007
0.75175,0.74552,0.7226,0.68803,0.71457,0.73336,0.75,0.79614,0.72795,0.76262,0.7456,0.7235,0.75732,0.75812,0.74078,0.79534,0.79109,0.78704,0.75892,0.78336,0.7666,0.6852,0.68734,0.65102,0.81266,0.73826,0.73605,0.73424,0.72728,0.75729,0.89431,1,0.69287,0.71664,0.75454,0.71743,0.75375,0.74855,0.75699,0.75729,0.9067,0.88951,0.74855,0.76017,0.74838,0.73402,0.756,0.73087,0.74375,0.71634,0.75234,0.73101,0.76238,0.7277,0.85174,0.82038,0.7917,0.77199,0.84836,0.84019,0.77232,0.9081,0.73818,0.7343,0.76566,0.73339,0.72824,0.73727,0.78905,0.71518,0.75236,0.74992,0.72791,0.68874,0.72529,0.71916,0.75606,0.7366,0.73728,0.77793,0.72652,0.74826,0.72301,0.76419,0.75229,0.76312
0.6204,0.69791,0.67005,0.64714,0.64517,0.69169,0.66788,0.73209,0.63114,0.65699,0.68639,0.66999,0.65935,0.67015,0.68741,0.70436,0.80657,0.79335,0.67937,0.70129,0.70397,0.75097,0.77503,0.74853,0.77839,0.65096,0.63812,0.63063,0.64325,0.66207,0.64738,0.69287,1,0.90856,0.82349,0.95644,0.83899,0.95631,0.83306,0.85563,0.69917,0.68507,0.87254,0.85012,0.66564,0.66652,0.6416,0.6326,0.65952,0.65674,0.61178,0.61437,0.64179,0.62284,0.64808,0.60937,0.57486,0.55057,0.67673,0.68004,0.65559,0.70011,0.58125,0.54057,0.59366,0.53517,0.54387,0.52874,0.58295,0.50894,0.55699,0.62837,0.61062,0.58688,0.60763,0.6016,0.59122,0.61075,0.57566,0.63121,0.58291,0.57936,0.59601,0.59033,0.58,0.66019
0.69426,0.73609,0.70401,0.68853,0.70242,0.72836,0.72696,0.78767,0.6778,0.70846,0.7319,0.70903,0.71648,0.72487,0.74577,0.73718,0.86845,0.85878,0.73136,0.74816,0.73285,0.76267,0.79262,0.76952,0.84171,0.68834,0.69349,0.68886,0.69602,0.68756,0.67926,0.71664,0.90856,1,0.8757,0.88558,0.83939,0.90132,0.87774,0.88514,0.73684,0.7185,0.90661,0.90733,0.70458,0.70421,0.68936,0.67477,0.69788,0.68375,0.67272,0.67285,0.69621,0.67699,0.70927,0.67975,0.64394,0.62439,0.73319,0.73822,0.69604,0.71502,0.65282,0.62215,0.67806,0.6165,0.62101,0.61269,0.65067,0.58249,0.61902,0.68313,0.66727,0.63952,0.66907,0.6621,0.66205,0.64258,0.63679,0.67283,0.63535,0.62844,0.64113,0.66367,0.6618,0.72762
0.72979,0.7467,0.71459,0.68327,0.70371,0.72842,0.72744,0.80326,0.68753,0.73551,0.73364,0.71238,0.74665,0.75273,0.73592,0.78304,0.86214,0.84714,0.73771,0.79228,0.75135,0.78897,0.80973,0.79554,0.84963,0.69932,0.71179,0.71303,0.71268,0.69001,0.72293,0.75454,0.82349,0.8757,1,0.82785,0.81629,0.85518,0.98182,0.88163,0.7725,0.74105,0.89186,0.8868,0.71848,0.70846,0.71267,0.68259,0.71017,0.68308,0.70318,0.695,0.72408,0.68978,0.73975,0.70851,0.68361,0.67708,0.75762,0.76191,0.712,0.74562,0.6998,0.68174,0.73075,0.6759,0.67217,0.67855,0.70905,0.64612,0.66744,0.73822,0.70215,0.64484,0.71564,0.68034,0.70895,0.65073,0.66642,0.69849,0.66046,0.65823,0.65656,0.71198,0.71336,0.7545
0.65734,0.7013,0.67194,0.63055,0.63581,0.67584,0.6651,0.73979,0.63224,0.66146,0.67911,0.6619,0.68456,0.69465,0.69487,0.7238,0.79678,0.77768,0.69853,0.71192,0.7177,0.73615,0.7563,0.7413,0.79183,0.63289,0.6384,0.62814,0.63388,0.65828,0.67683,0.71743,0.95644,0.88558,0.82785,1,0.82777,0.97887,0.83837,0.83322,0.71098,0.69948,0.8515,0.84323,0.67144,0.6588,0.65174,0.63361,0.66309,0.64793,0.61802,0.60987,0.64011,0.61674,0.66691,0.62395,0.58987,0.56926,0.69289,0.69432,0.6493,0.71929,0.60343,0.57306,0.61834,0.56262,0.56766,0.55797,0.60398,0.53825,0.56896,0.64515,0.61368,0.57562,0.62526,0.60365,0.60053,0.58658,0.58302,0.61901,0.58656,0.57034,0.59713,0.61999,0.60132,0.66935
0.72386,0.78056,0.758,0.73897,0.74034,0.78649,0.75839,0.81809,0.71548,0.75388,0.77479,0.76553,0.7556,0.7617,0.75412,0.76473,0.86729,0.85794,0.75288,0.76947,0.7516,0.76781,0.7896,0.75942,0.84123,0.70891,0.72194,0.7146,0.71709,0.70937,0.71086,0.75375,0.83899,0.83939,0.81629,0.82777,1,0.83851,0.82524,0.89422,0.76783,0.75444,0.85859,0.83807,0.72203,0.71958,0.70133,0.69283,0.7133,0.70521,0.69357,0.68843,0.72118,0.69948,0.72754,0.68586,0.65602,0.64173,0.76693,0.76972,0.74048,0.76362,0.65885,0.62836,0.67334,0.62898,0.63139,0.62868,0.68189,0.61491,0.65775,0.69714,0.68054,0.64338,0.67781,0.66338,0.67626,0.68531,0.65727,0.71329,0.6593,0.67183,0.65364,0.67854,0.67633,0.7378
0.69063,0.7314,0.70487,0.65921,0.66786,0.70516,0.69685,0.77555,0.66636,0.70041,0.71075,0.69212,0.72016,0.72827,0.72195,0.76359,0.82559,0.80617,0.72258,0.7506,0.75331,0.76382,0.7813,0.76436,0.82938,0.66009,0.66146,0.65506,0.66049,0.69282,0.70485,0.74855,0.95631,0.90132,0.85518,0.97887,0.83851,1,0.86478,0.85897,0.74696,0.72227,0.87175,0.86634,0.70193,0.68971,0.68468,0.66105,0.69252,0.67214,0.65335,0.64287,0.67432,0.64641,0.69873,0.65986,0.6315,0.61264,0.72331,0.72671,0.68429,0.74841,0.64462,0.61737,0.66511,0.60773,0.60782,0.60126,0.65183,0.58332,0.6106,0.68844,0.65158,0.60375,0.66597,0.63534,0.64303,0.61624,0.61629,0.65483,0.61583,0.60546,0.62267,0.65693,0.64373,0.70578
0.73569,0.76085,0.72916,0.69253,0.70894,0.73909,0.73024,0.80726,0.68792,0.74035,0.74024,0.72235,0.76133,0.76734,0.73705,0.7943,0.87184,0.85327,0.74242,0.8063,0.7624,0.79835,0.8203,0.81505,0.86892,0.70633,0.71481,0.71534,0.71655,0.69223,0.72171,0.75699,0.83306,0.87774,0.98182,0.83837,0.82524,0.86478,1,0.89154,0.7701,0.73492,0.89457,0.88441,0.72273,0.71199,0.71348,0.68242,0.71332,0.68735,0.70518,0.69878,0.7284,0.69851,0.73252,0.69988,0.68214,0.67761,0.75469,0.76009,0.71473,0.74748,0.70322,0.68346,0.73569,0.67789,0.67292,0.68029,0.71358,0.6482,0.67008,0.75182,0.71043,0.64552,0.72781,0.68277,0.71035,0.65536,0.66696,0.70171,0.66256,0.6609,0.65438,0.71571,0.71557,0.76742
0.73097,0.79575,0.76966,0.7422,0.74863,0.79238,0.76703,0.84746,0.71848,0.76627,0.78305,0.77091,0.77497,0.78076,0.75085,0.80047,0.8921,0.88539,0.74466,0.81479,0.78148,0.79293,0.81788,0.79539,0.88476,0.7242,0.72648,0.72527,0.72914,0.72007,0.71575,0.75729,0.85563,0.88514,0.88163,0.83322,0.89422,0.85897,0.89154,1,0.76874,0.73504,0.90069,0.8744,0.7299,0.72879,0.71315,0.68965,0.71896,0.70179,0.70939,0.70678,0.7362,0.71048,0.71678,0.68467,0.67436,0.67025,0.75768,0.76405,0.74698,0.75568,0.69191,0.66009,0.71704,0.6605,0.65407,0.65701,0.71303,0.63643,0.67473,0.73596,0.70685,0.65041,0.71467,0.67626,0.70731,0.68744,0.66652,0.7235,0.66527,0.68476,0.65518,0.69688,0.70587,0.76941
0.76698,0.77197,0.75214,0.71958,0.74219,0.75985,0.77889,0.81285,0.73917,0.77442,0.77861,0.75744,0.77922,0.7801,0.76452,0.76713,0.8149,0.80332,0.79706,0.76403,0.73318,0.71477,0.7192,0.67247,0.81345,0.74069,0.73264,0.73426,0.72817,0.72348,0.86344,0.9067,0.69917,0.73684,0.7725,0.71098,0.76783,0.74696,0.7701,0.76874,1,0.93965,0.77424,0.78411,0.77013,0.75877,0.78066,0.75592,0.76795,0.7429,0.77219,0.75122,0.77821,0.74364,0.91204,0.86998,0.81824,0.78867,0.91422,0.90559,0.81171,0.92078,0.75392,0.74637,0.77993,0.74521,0.74841,0.75388,0.80186,0.72642,0.76706,0.76742,0.74783,0.71476,0.74307,0.74045,0.77901,0.76422,0.75796,0.79872,0.75121,0.7711,0.73831,0.78195,0.75663,0.76079
0.73857,0.75608,0.72955,0.70636,0.72492,0.74686,0.76923,0.78262,0.71311,0.74344,0.7691,0.74597,0.75217,0.7548,0.76474,0.71811,0.79775,0.78145,0.79693,0.72155,0.69048,0.66988,0.67725,0.62789,0.7685,0.73948,0.72964,0.72922,0.72365,0.68664,0.86036,0.88951,0.68507,0.7185,0.74105,0.69948,0.75444,0.72227,0.73492,0.73504,0.93965,1,0.74582,0.75265,0.75707,0.74282,0.77102,0.75558,0.7604,0.7417,0.76364,0.74798,0.77017,0.74251,0.92946,0.87956,0.81243,0.76819,0.93614,0.9159,0.79637,0.92564,0.73803,0.71953,0.749,0.71645,0.73149,0.73109,0.76386,0.68303,0.73926,0.72579,0.72288,0.72019,0.70398,0.73658,0.76243,0.76492,0.75585,0.78018,0.75702,0.7626,0.74105,0.77031,0.73078,0.73822
0.74316,0.79719,0.7627,0.73966,0.75179,0.78829,0.77417,0.83008,0.72028,0.75998,0.7926,0.77191,0.77549,0.78045,0.77444,0.76242,0.90528,0.88497,0.7605,0.77382,0.73789,0.83696,0.86532,0.82481,0.85914,0.72202,0.71575,0.71884,0.72869,0.68978,0.70062,0.74855,0.87254,0.90661,0.89186,0.8515,0.85859,0.87175,0.89457,0.90069,0.77424,0.74582,1,0.95001,0.74695,0.74712,0.72934,0.71035,0.73674,0.72306,0.71846,0.7138,0.74039,0.71848,0.73658,0.69716,0.67084,0.65833,0.76388,0.77174,0.74723,0.75238,0.69848,0.66785,0.7154,0.66497,0.66635,0.66061,0.69423,0.63512,0.6635,0.73452,0.7179,0.67441,0.72273,0.69983,0.70956,0.69147,0.68316,0.72533,0.68173,0.67721,0.67688,0.70691,0.7118,0.76476
0.75172,0.75857,0.73137,0.71442,0.74407,0.75618,0.75733,0.82457,0.7183,0.75155,0.76194,0.74066,0.75791,0.75926,0.76417,0.76835,0.87933,0.87087,0.76701,0.76545,0.75235,0.80114,0.82515,0.78613,0.85513,0.71691,0.72767,0.72831,0.73042,0.70888,0.72029,0.76017,0.85012,0.90733,0.8868,0.84323,0.83807,0.86634,0.88441,0.8744,0.78411,0.75265,0.95001,1,0.73919,0.73385,0.7299,0.70854,0.72832,0.70485,0.71619,0.71117,0.73288,0.70902,0.76067,0.73227,0.70438,0.69195,0.77372,0.77855,0.73847,0.74913,0.70682,0.69439,0.73096,0.69414,0.68335,0.68717,0.71998,0.66966,0.6932,0.73052,0.72385,0.66514,0.73016,0.69641,0.71358,0.68499,0.68983,0.72891,0.6812,0.68421,0.68725,0.72028,0.73258,0.76414
0.79202,0.79545,0.75056,0.73489,0.75505,0.78212,0.80465,0.80996,0.76037,0.79209,0.80111,0.77374,0.78729,0.7964,0.7865,0.74419,0.77214,0.765,0.75711,0.74099,0.70479,0.68426,0.68448,0.65498,0.78696,0.80989,0.80936,0.82271,0.84087,0.69607,0.70962,0.74838,0.66564,0.70458,0.71848,0.67144,0.72203,0.70193,0.72273,0.7299,0.77013,0.75707,0.74695,0.73919,1,0.98271,0.97626,0.97514,0.98621,0.97718,0.88796,0.86566,0.88903,0.86952,0.79307,0.77281,0.76399,0.75455,0.79282,0.79062,0.75973,0.74044,0.8274,0.80804,0.8333,0.77178,0.84291,0.81042,0.78579,0.73759,0.76954,0.85329,0.87585,0.87213,0.86792,0.89033,0.85307,0.83194,0.87459,0.82364,0.8814,0.79442,0.83313,0.89462,0.83075,0.85621
0.77325,0.78666,0.74253,0.73058,0.74577,0.77961,0.79904,0.80215,0.75603,0.78476,0.79683,0.76903,0.77001,0.77971,0.77844,0.73699,0.76789,0.76347,0.74777,0.73099,0.69902,0.6794,0.68279,0.64638,0.77453,0.80612,0.80278,0.81847,0.8383,0.7007,0.69362,0.73402,0.66652,0.70421,0.70846,0.6588,0.71958,0.68971,0.71199,0.72879,0.75877,0.74282,0.74712,0.73385,0.98271,1,0.96332,0.97129,0.97833,0.9806,0.87765,0.8551,0.88108,0.86325,0.77874,0.76118,0.75315,0.74651,0.77755,0.77689,0.75484,0.72404,0.81588,0.79315,0.81582,0.75692,0.83208,0.79342,0.77107,0.72251,0.75887,0.83717,0.86235,0.87609,0.85163,0.88858,0.84509,0.83289,0.86706,0.81889,0.87425,0.79079,0.8287,0.87885,0.82065,0.84516
0.80059,0.7935,0.74742,0.73944,0.76481,0.77919,0.81379,0.81273,0.76816,0.79874,0.80311,0.77382,0.79088,0.79916,0.79055,0.73707,0.76538,0.76144,0.75672,0.74085,0.69318,0.66694,0.66497,0.6349,0.78052,0.81583,0.81804,0.83263,0.84845,0.69036,0.71905,0.756,0.6416,0.68936,0.71267,0.65174,0.70133,0.68468,0.71348,0.71315,0.78066,0.77102,0.72934,0.7299,0.97626,0.96332,1,0.98248,0.9862,0.96752,0.90628,0.88036,0.90277,0.8805,0.81554,0.79918,0.7885,0.77603,0.80749,0.80287,0.76764,0.74703,0.84662,0.83076,0.85546,0.79565,0.86512,0.83737,0.80591,0.7548,0.78888,0.85976,0.89016,0.88782,0.87035,0.90247,0.87465,0.8493,0.89662,0.83959,0.90205,0.81359,0.84959,0.91514,0.84676,0.85987
0.77312,0.76709,0.7198,0.72117,0.74381,0.76206,0.80005,0.79129,0.75657,0.77865,0.7846,0.75352,0.75663,0.76494,0.78029,0.71297,0.74455,0.7461,0.74527,0.71352,0.67692,0.63016,0.63131,0.59573,0.74895,0.81546,0.82064,0.83521,0.85251,0.68796,0.69908,0.73087,0.6326,0.67477,0.68259,0.63361,0.69283,0.66105,0.68242,0.68965,0.75592,0.75558,0.71035,0.70854,0.97514,0.97129,0.98248,1,0.98562,0.98063,0.89648,0.8709,0.89437,0.87828,0.80129,0.78781,0.77304,0.75912,0.78821,0.78189,0.7459,0.7213,0.82516,0.80894,0.8263,0.77035,0.85098,0.81305,0.77696,0.72858,0.77047,0.82994,0.87098,0.89803,0.84033,0.90372,0.85788,0.84961,0.89293,0.82728,0.90081,0.80465,0.85514,0.89954,0.82927,0.84277
0.78875,0.79433,0.74711,0.73986,0.75866,0.78226,0.80803,0.80736,0.76102,0.79196,0.80179,0.77371,0.78334,0.79352,0.78794,0.73218,0.76821,0.76263,0.754,0.73488,0.69036,0.67354,0.67377,0.64437,0.77867,0.81558,0.81392,0.82732,0.8472,0.68647,0.70565,0.74375,0.65952,0.69788,0.71017,0.66309,0.7133,0.69252,0.71332,0.71896,0.76795,0.7604,0.73674,0.72832,0.98621,0.97833,0.9862,0.98562,1,0.98387,0.89546,0.8732,0.89616,0.8776,0.79815,0.77882,0.76574,0.75347,0.79466,0.79046,0.75917,0.73861,0.82914,0.80646,0.83532,0.77049,0.8453,0.81142,0.78414,0.7314,0.76913,0.85198,0.88206,0.88531,0.86453,0.89834,0.85693,0.84202,0.88158,0.82709,0.89093,0.79908,0.83862,0.8986,0.82941,0.85603
0.75242,0.7775,0.72859,0.72517,0.73465,0.76951,0.78919,0.78138,0.73941,0.7653,0.78638,0.75822,0.75255,0.76516,0.77161,0.70408,0.75287,0.74653,0.73747,0.7066,0.66879,0.65432,0.65885,0.62428,0.74773,0.80718,0.79795,0.81174,0.83594,0.67253,0.67852,0.71634,0.65674,0.68375,0.68308,0.64793,0.70521,0.67214,0.68735,0.70179,0.7429,0.7417,0.72306,0.70485,0.97718,0.9806,0.96752,0.98063,0.98387,1,0.87405,0.8536,0.87971,0.86577,0.77382,0.75213,0.73753,0.72396,0.77167,0.76803,0.74028,0.7149,0.80043,0.76958,0.79685,0.73202,0.81594,0.77363,0.74587,0.69063,0.73815,0.82394,0.85634,0.88481,0.83383,0.88969,0.82998,0.83938,0.86349,0.80934,0.87885,0.78122,0.8299,0.87067,0.7967,0.83008
0.81575,0.80356,0.74793,0.74875,0.77944,0.79298,0.82983,0.81302,0.77125,0.80916,0.81807,0.78098,0.80469,0.8111,0.80033,0.73252,0.78048,0.77201,0.75215,0.7472,0.70112,0.65161,0.64973,0.61676,0.78956,0.8641,0.82832,0.85057,0.86248,0.68684,0.71804,0.75234,0.61178,0.67272,0.70318,0.61802,0.69357,0.65335,0.70518,0.70939,0.77219,0.76364,0.71846,0.71619,0.88796,0.87765,0.90628,0.89648,0.89546,0.87405,1,0.94904,0.97377,0.95615,0.8115,0.80761,0.82944,0.83005,0.80465,0.80234,0.77055,0.74177,0.91486,0.90037,0.90436,0.87467,0.91695,0.89599,0.85052,0.81064,0.83727,0.88646,0.91336,0.91738,0.87904,0.93227,0.93047,0.8816,0.93393,0.88455,0.93325,0.87648,0.88587,0.93796,0.90927,0.90774
0.7914,0.78213,0.72793,0.74356,0.77352,0.78272,0.81083,0.79843,0.75152,0.79134,0.79907,0.7651,0.78187,0.78789,0.78305,0.71488,0.7732,0.76418,0.72985,0.7374,0.68314,0.63553,0.63551,0.61308,0.77696,0.87823,0.83075,0.84766,0.85692,0.66795,0.69593,0.73101,0.61437,0.67285,0.695,0.60987,0.68843,0.64287,0.69878,0.70678,0.75122,0.74798,0.7138,0.71117,0.86566,0.8551,0.88036,0.8709,0.8732,0.8536,0.94904,1,0.96295,0.96084,0.79228,0.79163,0.8111,0.80896,0.78968,0.78407,0.75399,0.72109,0.88534,0.86728,0.89655,0.8493,0.88961,0.87555,0.82923,0.78586,0.8188,0.86983,0.90853,0.9019,0.86993,0.91506,0.90789,0.86753,0.90943,0.86465,0.90919,0.85541,0.85764,0.91053,0.89462,0.9088
0.81654,0.81549,0.76043,0.7701,0.79691,0.81381,0.83669,0.83026,0.78213,0.8234,0.82961,0.7946,0.81111,0.81765,0.81211,0.75188,0.80552,0.79889,0.75704,0.77064,0.71932,0.66584,0.66731,0.63676,0.80845,0.88695,0.84672,0.86597,0.87857,0.7009,0.7284,0.76238,0.64179,0.69621,0.72408,0.64011,0.72118,0.67432,0.7284,0.7362,0.77821,0.77017,0.74039,0.73288,0.88903,0.88108,0.90277,0.89437,0.89616,0.87971,0.97377,0.96295,1,0.96382,0.81178,0.80698,0.82797,0.82788,0.81023,0.80843,0.78262,0.75047,0.90586,0.88575,0.90445,0.86569,0.90496,0.88918,0.8537,0.80404,0.84302,0.89595,0.92299,0.91871,0.88704,0.93283,0.92882,0.89248,0.92762,0.88983,0.92907,0.87842,0.88326,0.92834,0.91152,0.92145
0.79447,0.79327,0.73793,0.74981,0.77536,0.79264,0.8217,0.80575,0.76188,0.8002,0.81062,0.77739,0.78759,0.79467,0.79355,0.71971,0.78556,0.7797,0.74232,0.74821,0.69364,0.64245,0.6441,0.61686,0.78424,0.88333,0.83731,0.85574,0.8697,0.68545,0.69435,0.7277,0.62284,0.67699,0.68978,0.61674,0.69948,0.64641,0.69851,0.71048,0.74364,0.74251,0.71848,0.70902,0.86952,0.86325,0.8805,0.87828,0.8776,0.86577,0.95615,0.96084,0.96382,1,0.78352,0.78115,0.80365,0.80013,0.77994,0.77626,0.75409,0.71682,0.88412,0.86179,0.88454,0.84059,0.88429,0.86365,0.81798,0.77271,0.81075,0.86713,0.90035,0.91039,0.85705,0.91904,0.904,0.87354,0.91485,0.86691,0.91803,0.85701,0.86981,0.90862,0.89026,0.91126
0.77954,0.75483,0.72968,0.71553,0.74571,0.75042,0.79405,0.79808,0.73763,0.76419,0.77478,0.751,0.76679,0.76558,0.78767,0.72492,0.79342,0.78759,0.82103,0.73172,0.69551,0.64379,0.65265,0.60655,0.78059,0.76847,0.77172,0.77326,0.76448,0.69444,0.82058,0.85174,0.64808,0.70927,0.73975,0.66691,0.72754,0.69873,0.73252,0.71678,0.91204,0.92946,0.73658,0.76067,0.79307,0.77874,0.81554,0.80129,0.79815,0.77382,0.8115,0.79228,0.81178,0.78352,1,0.95607,0.88641,0.84026,0.943,0.92845,0.80983,0.86414,0.78896,0.78635,0.80219,0.78368,0.80575,0.80714,0.82428,0.75047,0.80188,0.7649,0.77595,0.77376,0.7526,0.79087,0.81956,0.81298,0.81735,0.82924,0.81439,0.81685,0.79359,0.8363,0.79142,0.78041
0.77259,0.71751,0.70631,0.6981,0.73746,0.72982,0.77701,0.78481,0.73895,0.75719,0.74805,0.72829,0.7424,0.73615,0.77865,0.71515,0.75399,0.75997,0.80931,0.7245,0.6936,0.5967,0.60346,0.56078,0.76127,0.76482,0.77337,0.77712,0.7645,0.70696,0.80005,0.82038,0.60937,0.67975,0.70851,0.62395,0.68586,0.65986,0.69988,0.68467,0.86998,0.87956,0.69716,0.73227,0.77281,0.76118,0.79918,0.78781,0.77882,0.75213,0.80761,0.79163,0.80698,0.78115,0.95607,1,0.92997,0.88473,0.90866,0.89718,0.79577,0.80689,0.79594,0.80232,0.81269,0.8049,0.8183,0.82423,0.85545,0.7824,0.84011,0.75358,0.77802,0.77731,0.74918,0.79472,0.82808,0.82113,0.8226,0.84501,0.81323,0.84008,0.80199,0.83753,0.80929,0.78293
0.77805,0.7206,0.71579,0.70658,0.74076,0.73705,0.76852,0.78462,0.73865,0.76505,0.74748,0.73539,0.75365,0.74416,0.76345,0.73486,0.73211,0.73914,0.78892,0.74036,0.71159,0.58156,0.58458,0.54512,0.76633,0.77419,0.76776,0.7786,0.7655,0.71166,0.77131,0.7917,0.57486,0.64394,0.68361,0.58987,0.65602,0.6315,0.68214,0.67436,0.81824,0.81243,0.67084,0.70438,0.76399,0.75315,0.7885,0.77304,0.76574,0.73753,0.82944,0.8111,0.82797,0.80365,0.88641,0.92997,1,0.9503,0.86043,0.85937,0.80493,0.7609,0.84428,0.85053,0.8489,0.86983,0.85445,0.8753,0.92248,0.8514,0.90891,0.78855,0.8124,0.79301,0.79004,0.81163,0.86586,0.85262,0.84662,0.88778,0.83408,0.8983,0.8152,0.86154,0.85229,0.8116
0.78573,0.7175,0.71231,0.69334,0.72971,0.73164,0.76474,0.78163,0.73784,0.77114,0.74058,0.72742,0.75652,0.74695,0.75063,0.74409,0.72465,0.73114,0.77943,0.74631,0.71974,0.57985,0.58125,0.54824,0.76895,0.76296,0.75969,0.77281,0.75763,0.71397,0.74993,0.77199,0.55057,0.62439,0.67708,0.56926,0.64173,0.61264,0.67761,0.67025,0.78867,0.76819,0.65833,0.69195,0.75455,0.74651,0.77603,0.75912,0.75347,0.72396,0.83005,0.80896,0.82788,0.80013,0.84026,0.88473,0.9503,1,0.82624,0.82873,0.78377,0.72822,0.85587,0.87074,0.86171,0.89217,0.87306,0.89459,0.93621,0.88748,0.92326,0.79532,0.81425,0.78695,0.79608,0.81014,0.87977,0.84258,0.85345,0.89258,0.8347,0.90784,0.80853,0.87053,0.8727,0.81773
0.81385,0.81744,0.80523,0.7703,0.79001,0.81522,0.83161,0.83292,0.76498,0.80183,0.83069,0.81616,0.82395,0.82291,0.8262,0.74101,0.82172,0.80637,0.85782,0.75106,0.71049,0.68171,0.68975,0.64476,0.81523,0.76048,0.75601,0.75767,0.75199,0.69408,0.8127,0.84836,0.67673,0.73319,0.75762,0.69289,0.76693,0.72331,0.75469,0.75768,0.91422,0.93614,0.76388,0.77372,0.79282,0.77755,0.80749,0.78821,0.79466,0.77167,0.80465,0.78968,0.81023,0.77994,0.943,0.90866,0.86043,0.82624,1,0.97563,0.86007,0.87114,0.78995,0.77578,0.80611,0.77446,0.78836,0.79451,0.8252,0.74822,0.79701,0.77819,0.77731,0.75642,0.76399,0.77826,0.81668,0.80238,0.80072,0.82242,0.80021,0.80774,0.76978,0.82326,0.78634,0.78658
