Unexplained	Tissue	Phylogeny	genes	rank
0	0	100	0610010F05Rik	1
0	0	100	1700027J07Rik	2
0	0	100	1700029M20Rik	3
0	0	100	1700108F19Rik	4
0	0	100	1810030O07Rik	5
0	0	100	1810058I24Rik	6
0	0	100	2810025M15Rik	7
0	0	100	3110009E18Rik	8
0	0	100	4430402I18Rik	9
0	0	100	4833418N02Rik	10
0	0	100	4922502D21Rik	11
0	0	100	4930417O13Rik	12
0	0	100	4930426D05Rik	13
0	0	100	4930459C07Rik	14
0	0	100	4930463O16Rik	15
0	0	100	4930511E03Rik	16
0	0	100	4930519G04Rik	17
0	0	100	4930544D05Rik	18
0	0	100	4930579P08Rik	19
0	0	100	5033428I22Rik	20
0	0	100	6430710C18Rik	21
0	0	100	9130230L23Rik	22
0	0	100	9230112J17Rik	23
0	0	100	9530020I12Rik	24
0	0	100	9830107B12Rik	25
0	0	100	A230001M10Rik	26
0	0	100	A230065H16Rik	27
0	0	100	A330033J07Rik	28
0	0	100	A430093F15Rik	29
0	0	100	AI427809	30
0	0	100	AI463170	31
0	0	100	AU015791	32
0	0	100	Aacs	33
0	0	100	Abcb10	34
0	0	100	Abcc1	35
0	0	100	Abcc6	36
0	0	100	Abcg1	37
0	0	100	Abcg4	38
0	0	100	Abhd17a	39
0	0	100	Abr	40
0	0	100	Acot5	41
0	0	100	Adam5	42
0	0	100	Adtrp	43
0	0	100	Aff2	44
0	0	100	Agbl1	45
0	0	100	Agps	46
0	0	100	Aicda	47
0	0	100	Akap6	48
0	0	100	Aldh3b2	49
0	0	100	Aldh9a1	50
0	0	100	Amer2	51
0	0	100	Ankrd13d	52
0	0	100	Ankrd22	53
0	0	100	Ano2	54
0	0	100	Anxa8	55
0	0	100	Ap1ar	56
0	0	100	Apmap	57
0	0	100	Arhgap6	58
0	0	100	Arhgap8	59
0	0	100	Arl4c	60
0	0	100	Asb7	61
0	0	100	Atp11a	62
0	0	100	Atp1b4	63
0	0	100	Atp6v1g2	64
0	0	100	Atp9a	65
0	0	100	B020031M17Rik	66
0	0	100	B3gnt9	67
0	0	100	B630019K06Rik	68
0	0	100	BC002163	69
0	0	100	BC026585	70
0	0	100	Bbox1	71
0	0	100	Bhlha15	72
0	0	100	Blk	73
0	0	100	Boc	74
0	0	100	Btd	75
0	0	100	Cacna1i	76
0	0	100	Camk2d	77
0	0	100	Cblc	78
0	0	100	Cbln2	79
0	0	100	Cbr4	80
0	0	100	Ccdc146	81
0	0	100	Ccdc33	82
0	0	100	Ccdc71l	83
0	0	100	Ccs	84
0	0	100	Cd248	85
0	0	100	Cd28	86
0	0	100	Cd37	87
0	0	100	Cd3d	88
0	0	100	Cd3e	89
0	0	100	Cd40lg	90
0	0	100	Cdc20b	91
0	0	100	Cdk9	92
0	0	100	Cdkn2c	93
0	0	100	Cdpf1	94
0	0	100	Ceacam10	95
0	0	100	Cecr2	96
0	0	100	Cep104	97
0	0	100	Cep164	98
0	0	100	Ces1d	99
0	0	100	Ces4a	100
0	0	100	Chac1	101
0	0	100	Chil1	102
0	0	100	Chml	103
0	0	100	Chrm3	104
0	0	100	Chrna5	105
0	0	100	Chsy1	106
0	0	100	Churc1	107
0	0	100	Cldn2	108
0	0	100	Clec4b2	109
0	0	100	Clhc1	110
0	0	100	Cln6	111
0	0	100	Cmc1	112
0	0	100	Cntnap3	113
0	0	100	Col8a2	114
0	0	100	Cope	115
0	0	100	Coq9	116
0	0	100	Cpa6	117
0	0	100	Cpeb1	118
0	0	100	Creld2	119
0	0	100	Crisp2	120
0	0	100	Crispld2	121
0	0	100	Crtac1	122
0	0	100	Ctxn3	123
0	0	100	Cym	124
0	0	100	Cyp17a1	125
0	0	100	Cyyr1	126
0	0	100	D7Ertd143e	127
0	0	100	Ddost	128
0	0	100	Ddx26b	129
0	0	100	Ddx41	130
0	0	100	Ddx60	131
0	0	100	Derl3	132
0	0	100	Desi2	133
0	0	100	Dgkd	134
0	0	100	Dhx32	135
0	0	100	Diras2	136
0	0	100	Dnm3os	137
0	0	100	Dnpep	138
0	0	100	Dpysl5	139
0	0	100	Edem2	140
0	0	100	Emp2	141
0	0	100	Enpp4	142
0	0	100	Epb42	143
0	0	100	Erc1	144
0	0	100	Erich2	145
0	0	100	Erlec1	146
0	0	100	Etl4	147
0	0	100	Etv6	148
0	0	100	F830045P16Rik	149
0	0	100	F9	150
0	0	100	Fam124a	151
0	0	100	Fam65c	152
0	0	100	Fam71b	153
0	0	100	Faxc	154
0	0	100	Fezf2	155
0	0	100	Fhdc1	156
0	0	100	Fndc1	157
0	0	100	Foxd4	158
0	0	100	Foxn1	159
0	0	100	Foxn4	160
0	0	100	Fut1	161
0	0	100	Galm	162
0	0	100	Galnt14	163
0	0	100	Galnt5	164
0	0	100	Gc	165
0	0	100	Gja4	166
0	0	100	Gja5	167
0	0	100	Gm10509	168
0	0	100	Gm11837	169
0	0	100	Gm13539	170
0	0	100	Gm14207	171
0	0	100	Gm1647	172
0	0	100	Gm16596	173
0	0	100	Gm16894	174
0	0	100	Gm17455	175
0	0	100	Gm38509	176
0	0	100	Gm4371	177
0	0	100	Gm4814	178
0	0	100	Gm4827	179
0	0	100	Gm525	180
0	0	100	Gm5483	181
0	0	100	Gm590	182
0	0	100	Gm6416	183
0	0	100	Golga7	184
0	0	100	Golph3	185
0	0	100	Gorasp2	186
0	0	100	Gpm6a	187
0	0	100	Gpx6	188
0	0	100	Gpx8	189
0	0	100	Grhpr	190
0	0	100	Gsdmc3	191
0	0	100	Gstm4	192
0	0	100	Gtf2a1l	193
0	0	100	Gxylt2	194
0	0	100	Gypa	195
0	0	100	H13	196
0	0	100	H1fx	197
0	0	100	H6pd	198
0	0	100	Hand1	199
0	0	100	Has2	200
0	0	100	Hbb-bh1	201
0	0	100	Hdac4	202
0	0	100	Hdlbp	203
0	0	100	Hint2	204
0	0	100	Hist4h4	205
0	0	100	Hmgcll1	206
0	0	100	Hmgcs2	207
0	0	100	Hnf1b	208
0	0	100	Hoxa3	209
0	0	100	Hoxb5	210
0	0	100	Hrh4	211
0	0	100	Hsp90b1	212
0	0	100	Igf2r	213
0	0	100	Igsf9	214
0	0	100	Iigp1	215
0	0	100	Il1bos	216
0	0	100	Il1f9	217
0	0	100	Il24	218
0	0	100	Itgb2l	219
0	0	100	Jchain	220
0	0	100	Kcne1l	221
0	0	100	Kcnf1	222
0	0	100	Kcnj1	223
0	0	100	Kcnk7	224
0	0	100	Kcnmb4os2	225
0	0	100	Khdc1a	226
0	0	100	Khdc3	227
0	0	100	Klf15	228
0	0	100	Klf5	229
0	0	100	Klhl14	230
0	0	100	Klhl2	231
0	0	100	Klk15	232
0	0	100	Klk1b22	233
0	0	100	Klra10	234
0	0	100	Klra14-ps	235
0	0	100	Klra18	236
0	0	100	Klra23	237
0	0	100	Krt36	238
0	0	100	Krt81	239
0	0	100	Krt86	240
0	0	100	Lancl1	241
0	0	100	Lao1	242
0	0	100	Lcn4	243
0	0	100	Lcn8	244
0	0	100	Lgals3bp	245
0	0	100	Lhfp	246
0	0	100	Lhx1	247
0	0	100	Lin28a	248
0	0	100	Lman2	249
0	0	100	Lnp	250
0	0	100	Loxhd1	251
0	0	100	Lpin1	252
0	0	100	Ltf	253
0	0	100	Ly6g	254
0	0	100	Lztr1	255
0	0	100	Map3k7	256
0	0	100	Mapk4	257
0	0	100	Matn4	258
0	0	100	Mbtps1	259
0	0	100	Mcam	260
0	0	100	Mecr	261
0	0	100	Mettl8	262
0	0	100	Mfap5	263
0	0	100	Mirt2	264
0	0	100	Mpzl1	265
0	0	100	Mpzl2	266
0	0	100	Mrpl37	267
0	0	100	Mrps36	268
0	0	100	Ms4a15	269
0	0	100	Msantd4	270
0	0	100	Msx1	271
0	0	100	Mybpc2	272
0	0	100	Myod1	273
0	0	100	Nbeal2	274
0	0	100	Ncald	275
0	0	100	Ndufa11	276
0	0	100	Ndufa5	277
0	0	100	Ndufs3	278
0	0	100	Nlrp12	279
0	0	100	Nme5	280
0	0	100	Nodal	281
0	0	100	Nploc4	282
0	0	100	Ntm	283
0	0	100	Nuggc	284
0	0	100	Nxph4	285
0	0	100	Oas1c	286
0	0	100	Olfm4	287
0	0	100	Orm1	288
0	0	100	Osbpl10	289
0	0	100	Otop3	290
0	0	100	Ovol1	291
0	0	100	Pag1	292
0	0	100	Pagr1a	293
0	0	100	Panct2	294
0	0	100	Pawr	295
0	0	100	Pax5	296
0	0	100	Pcdh9	297
0	0	100	Pdp2	298
0	0	100	Pdzd3	299
0	0	100	Pex11b	300
0	0	100	Pfn2	301
0	0	100	Pglyrp4	302
0	0	100	Phactr3	303
0	0	100	Pinlyp	304
0	0	100	Platr14	305
0	0	100	Platr7	306
0	0	100	Plcd3	307
0	0	100	Plcg2	308
0	0	100	Plpp5	309
0	0	100	Plscr2	310
0	0	100	Pml	311
0	0	100	Polg	312
0	0	100	Ppp1r42	313
0	0	100	Ppp2cb	314
0	0	100	Praf2	315
0	0	100	Prg2	316
0	0	100	Prkcg	317
0	0	100	Prps1l1	318
0	0	100	Prune	319
0	0	100	Ptx3	320
0	0	100	Rabep1	321
0	0	100	Rbfa	322
0	0	100	Rcvrn	323
0	0	100	Reep5	324
0	0	100	Retnlg	325
0	0	100	Rgs13	326
0	0	100	Rgs4	327
0	0	100	Rhag	328
0	0	100	Rhoj	329
0	0	100	Rhov	330
0	0	100	Rhpn1	331
0	0	100	Rin3	332
0	0	100	Rnase12	333
0	0	100	Rnasel	334
0	0	100	Rnf103	335
0	0	100	Rnf130	336
0	0	100	Rnf150	337
0	0	100	Rps19bp1	338
0	0	100	S1pr2	339
0	0	100	Sar1a	340
0	0	100	Sbk1	341
0	0	100	Scaf11	342
0	0	100	Scfd1	343
0	0	100	Scn11a	344
0	0	100	Scrg1	345
0	0	100	Scrib	346
0	0	100	Scrn1	347
0	0	100	Sdccag3	348
0	0	100	Sdhaf2	349
0	0	100	Sdhaf3	350
0	0	100	Sdpr	351
0	0	100	Sec22a	352
0	0	100	Sec23b	353
0	0	100	Sec61a1	354
0	0	100	Serpinb9b	355
0	0	100	Sh3gl3	356
0	0	100	Sh3rf1	357
0	0	100	Siae	358
0	0	100	Sidt2	359
0	0	100	Siglech	360
0	0	100	Sik3	361
0	0	100	Sil1	362
0	0	100	Slain2	363
0	0	100	Slc16a5	364
0	0	100	Slc22a12	365
0	0	100	Slc22a20	366
0	0	100	Slc25a16	367
0	0	100	Slco4c1	368
0	0	100	Smad2	369
0	0	100	Smim10l1	370
0	0	100	Sntg2	371
0	0	100	Sowahd	372
0	0	100	Sp3	373
0	0	100	Sp3os	374
0	0	100	Spag6l	375
0	0	100	Spcs1	376
0	0	100	Spink8	377
0	0	100	Sppl3	378
0	0	100	Sqle	379
0	0	100	Srf	380
0	0	100	Srp9	381
0	0	100	Srprb	382
0	0	100	St14	383
0	0	100	St6galnac1	384
0	0	100	Stambpl1	385
0	0	100	Stfa1	386
0	0	100	Stfa2	387
0	0	100	Stfa2l1	388
0	0	100	Stk11ip	389
0	0	100	Stmnd1	390
0	0	100	Stra6	391
0	0	100	Stt3a	392
0	0	100	Styk1	393
0	0	100	Suds3	394
0	0	100	Sugt1	395
0	0	100	Swap70	396
0	0	100	Syndig1	397
0	0	100	Taf15	398
0	0	100	Tbc1d2b	399
0	0	100	Tbce	400
0	0	100	Tcf4	401
0	0	100	Tcf7l1	402
0	0	100	Tcstv3	403
0	0	100	Tctex1d2	404
0	0	100	Tekt4	405
0	0	100	Themis	406
0	0	100	Thnsl2	407
0	0	100	Tifa	408
0	0	100	Timp3	409
0	0	100	Tmem106c	410
0	0	100	Tmem151a	411
0	0	100	Tmem248	412
0	0	100	Tmx1	413
0	0	100	Tnfrsf17	414
0	0	100	Tnnt2	415
0	0	100	Tns3	416
0	0	100	Trim80	417
0	0	100	Trpm1	418
0	0	100	Tsnaxip1	419
0	0	100	Twf2	420
0	0	100	Txlnb	421
0	0	100	Txndc11	422
0	0	100	Ubl7	423
0	0	100	Ubxn4	424
0	0	100	Usp43	425
0	0	100	Vmn2r96	426
0	0	100	Vsig10	427
0	0	100	Wapl	428
0	0	100	Wbscr17	429
0	0	100	Wdr95	430
0	0	100	Wipf3	431
0	0	100	Wnt10a	432
0	0	100	Xkr6	433
0	0	100	Zdhhc20	434
0	0	100	Zfp185	435
0	0	100	Zkscan16	436
0	0	100	Zyx	437
0	0	100	a	438
0	0.0900900900900901	99.9099099099099	Mir9-3hg	439
0.0985221674876847	0	99.9014778325123	Ulbp1	440
0	0.106609808102345	99.8933901918977	Tprkb	441
0	0.111234705228031	99.888765294772	Ager	442
0	0.138888888888889	99.8611111111111	Gm14718	443
0	0.156739811912226	99.8432601880878	Reln	444
0	0.18796992481203	99.812030075188	Smtnl1	445
0	0.195694716242661	99.8043052837573	Vps26b	446
0.208986415882968	0	99.791013584117	Tas2r126	447
0	0.215285252960172	99.7847147470398	St5	448
0	0.216450216450216	99.7835497835498	5730488B01Rik	449
0.218102508178844	0	99.7818974918212	Asprv1	450
0	0.24174053182917	99.7582594681708	Foxj1	451
0	0.248756218905473	99.7512437810945	Adamts14	452
0	0.266311584553928	99.7336884154461	Klrc3	453
0	0.271370420624152	99.7286295793758	S100a9	454
0.273473108477666	0	99.7265268915223	Mut	455
0	0.277520814061055	99.722479185939	Stk32c	456
0	0.305576776165011	99.694423223835	Tmprss11b	457
0.322927879440258	0	99.6770721205597	Chst15	458
0.322927879440258	0	99.6770721205597	Surf2	459
0.327153762268266	0	99.6728462377317	Marc2	460
0	0.355029585798817	99.6449704142012	Lcn2	461
0	0.360576923076923	99.6394230769231	Evc	462
0	0.364298724954463	99.6357012750455	Svbp	463
0	0.403225806451613	99.5967741935484	Itpk1	464
0	0.40650406504065	99.5934959349593	Prkag1	465
0.442869796279894	0	99.5571302037201	Ccdc3	466
0	0.480192076830732	99.5198079231693	Chrne	467
0	0.505902192242833	99.4940978077572	Spry4	468
0	0.525624178712221	99.4743758212878	S100a8	469
0	0.529100529100529	99.4708994708995	Eif5b	470
0	0.5420054200542	99.4579945799458	Faap20	471
0	0.542299349240781	99.4577006507592	Thg1l	472
0	0.568181818181818	99.4318181818182	Kif19a	473
0	0.576923076923077	99.4230769230769	Meig1	474
0.58343057176196	0	99.416569428238	Prrg1	475
0	0.599700149925038	99.400299850075	Gm7534	476
0	0.603015075376884	99.3969849246231	Abca13	477
0	0.605326876513317	99.3946731234867	Fasl	478
0	0.62111801242236	99.3788819875776	8430423G03Rik	479
0	0.632911392405063	99.3670886075949	Zfp365	480
0	0.643776824034335	99.3562231759657	Ppp4r2	481
0	0.665188470066519	99.3348115299335	BC030336	482
0	0.674373795761079	99.3256262042389	Ak3	483
0	0.676691729323308	99.3233082706767	Gm5771	484
0	0.680272108843537	99.3197278911565	Dhps	485
0.691699604743083	0	99.3083003952569	Mrpl11	486
0	0.693756194251735	99.3062438057483	Rexo2	487
0	0.704845814977974	99.295154185022	Fadd	488
0.716479017400205	0	99.2835209825998	Opa1	489
0	0.726895119418484	99.2731048805815	A630076J17Rik	490
0	0.742574257425743	99.2574257425743	Gbp11	491
0.280112044817927	0.466853408029879	99.2530345471522	Mylip	492
0.747663551401869	0	99.2523364485981	Mob3a	493
0.756756756756757	0	99.2432432432432	C130060C02Rik	494
0	0.760456273764259	99.2395437262358	Ptpn6	495
0.789473684210526	0	99.2105263157895	Ltk	496
0.797266514806378	0	99.2027334851936	Gm11201	497
0	0.798175598631699	99.2018244013683	Ngp	498
0	0.8	99.2	Mrgpra2b	499
0	0.802407221664995	99.197592778335	Sep15	500
0	0.8274231678487	99.1725768321513	Tnfaip8	501
0.845410628019324	0	99.1545893719807	Azi2	502
0	0.848176420695505	99.1518235793045	Pgm3	503
0.242718446601942	0.606796116504854	99.1504854368932	Abhd13	504
0	0.865800865800866	99.1341991341991	Heatr6	505
0	0.869565217391304	99.1304347826087	Rasl10a	506
0	0.900225056264066	99.0997749437359	Bglap3	507
0	0.910746812386157	99.0892531876138	Cacna1h	508
0.916496945010183	0	99.0835030549898	Thoc5	509
0	0.922131147540984	99.077868852459	Camp	510
0.116550116550117	0.815850815850816	99.0675990675991	Cdh22	511
0	0.944287063267233	99.0557129367328	Obscn	512
0.961538461538462	0	99.0384615384615	9830166K06Rik	513
0	0.974930362116992	99.025069637883	Myzap	514
0.975609756097561	0	99.0243902439024	Mmp12	515
0	1.00896860986547	98.9910313901345	Ascc1	516
0	1.0126582278481	98.9873417721519	Snx25	517
0	1.01580135440181	98.9841986455982	Kpna4	518
0	1.03950103950104	98.960498960499	Ap1m2	519
0	1.04529616724739	98.9547038327526	Oosp2	520
0	1.10220440881764	98.8977955911824	Kif5c	521
0	1.15702479338843	98.8429752066116	Ggt7	522
0	1.22100122100122	98.7789987789988	Por	523
0	1.24309392265193	98.7569060773481	Clip4	524
0	1.25156445556946	98.7484355444305	Cldnd2	525
1.25523012552301	0	98.744769874477	Wdr13	526
0	1.25944584382872	98.7405541561713	Clcc1	527
1.26353790613718	0	98.7364620938628	Enoph1	528
0	1.26582278481013	98.7341772151899	Eaf2	529
1.26829268292683	0	98.7317073170732	Sub1	530
0	1.27340823970037	98.7265917602996	Ang2	531
0	1.2770137524558	98.7229862475442	Taf4	532
1.2847965738758	0	98.7152034261242	Tsnax	533
0	1.28676470588235	98.7132352941176	Gsdma2	534
0	1.30841121495327	98.6915887850467	1810046K07Rik	535
1.33333333333333	0	98.6666666666667	Rps6ka2	536
0	1.34099616858238	98.6590038314176	Lpin3	537
1.34744947064485	0	98.6525505293551	Ap4m1	538
1.38248847926267	0	98.6175115207373	Slc4a1	539
1.40388768898488	0	98.5961123110151	Cldn1	540
0	1.40540540540541	98.5945945945946	Gpt	541
1.40845070422535	0	98.5915492957747	Tram2	542
1.41766630316249	0	98.5823336968375	Bnip1	543
0	1.43042912873862	98.5695708712614	Steap4	544
1.43805309734513	0	98.5619469026549	Ninj2	545
1.45379023883697	0	98.546209761163	Osbp	546
1.45719489981785	0	98.5428051001822	Lhfpl4	547
0	1.45903479236813	98.5409652076319	Chrna9	548
1.46198830409357	0	98.5380116959064	Rybp	549
1.46579804560261	0	98.5342019543974	Vhl	550
0	1.48731408573928	98.5126859142607	Gm5124	551
1.49122807017544	0	98.5087719298246	Ghr	552
1.49516270888303	0	98.504837291117	Tmem129	553
0	1.49863760217984	98.5013623978202	Khdc1b	554
0	1.50375939849624	98.4962406015038	Smco2	555
0	1.50451354062187	98.4954864593781	Dnajb4	556
1.50753768844221	0	98.4924623115578	Klrb1a	557
0	1.51245551601424	98.4875444839858	Fxyd6	558
0	1.51745068285281	98.4825493171472	Pym1	559
1.51843817787419	0	98.4815618221258	Nmnat3	560
0	1.51869158878505	98.481308411215	Fcrl6	561
0	1.54162384378212	98.4583761562179	2610037D02Rik	562
0	1.54639175257732	98.4536082474227	Ldhc	563
0	1.54761904761905	98.4523809523809	1110032F04Rik	564
0	1.54761904761905	98.4523809523809	Cebpe	565
0	1.54798761609907	98.4520123839009	Il1r2	566
0	1.56599552572707	98.4340044742729	Clec12b	567
1.56739811912226	0	98.4326018808777	Airn	568
0	1.5693112467306	98.4306887532694	Hpcal4	569
1.5748031496063	0	98.4251968503937	Zfp623	570
0	1.57819225251076	98.4218077474892	Tmem163	571
1.58940397350993	0	98.4105960264901	Arhgap18	572
0	1.61153519932146	98.3884648006785	Ank1	573
1.62308385933273	0	98.3769161406673	Nbea	574
1.62980209545984	0	98.3701979045402	Tbc1d4	575
0	1.63487738419619	98.3651226158038	Ppm1n	576
0.119047619047619	1.54761904761905	98.3333333333333	Usp34	577
0	1.6726403823178	98.3273596176822	Ovca2	578
0	1.70109356014581	98.2989064398542	Pax8	579
0	1.70575692963753	98.2942430703625	Atp4a	580
1.71171171171171	0	98.2882882882883	Mbd6	581
0	1.71890798786653	98.2810920121335	Stk11	582
0	1.74793008279669	98.2520699172033	Fbxl3	583
0	1.75644028103044	98.2435597189695	Ssr3	584
1.77690029615005	0	98.22309970385	Oplah	585
0	1.80072028811525	98.1992797118848	Mrgpra2a	586
0	1.8018018018018	98.1981981981982	Gstt1	587
0	1.80265654648956	98.1973434535104	Hjurp	588
0	1.80275715800636	98.1972428419936	Tm7sf3	589
0.477554918815664	1.33715377268386	98.1852913085005	Polr2i	590
1.81992337164751	0	98.1800766283525	Zc3h12c	591
0	1.82207931404073	98.1779206859593	Dap	592
1.82648401826484	0	98.1735159817352	Usp44	593
0	1.85589519650655	98.1441048034934	Tmtc1	594
0	1.875	98.125	Pou2af1	595
0	1.88470066518847	98.1152993348115	Gbas	596
0	1.88679245283019	98.1132075471698	Gsto1	597
1.90249702734839	0	98.0975029726516	Adamts6	598
0	1.9047619047619	98.0952380952381	Dynlt3	599
1.94741966893866	0	98.0525803310613	Strip1	600
0	1.96078431372549	98.0392156862745	Hist3h2ba	601
0	1.96078431372549	98.0392156862745	Vdr	602
0	1.96656833824975	98.0334316617503	Gfpt2	603
0	1.96687370600414	98.0331262939958	Amz2	604
0	1.97368421052632	98.0263157894737	Pygo2	605
0	2.03045685279188	97.9695431472081	Agfg1	606
2.03139427516159	0	97.9686057248384	Tmem130	607
0	2.03252032520325	97.9674796747967	Nmnat2	608
0	2.04638472032742	97.9536152796726	Cxcr2	609
0	2.07547169811321	97.9245283018868	Ell3	610
0	2.08044382801664	97.9195561719834	Klra9	611
0	2.08333333333333	97.9166666666667	Sycp2	612
2.08574739281576	0	97.9142526071842	Cdr2l	613
0	2.09205020920502	97.907949790795	Crbn	614
0	2.10631895687061	97.8936810431294	Inhba	615
0	2.12044105173876	97.8795589482612	Gnb3	616
0	2.13049267643142	97.8695073235686	Cdkl1	617
2.13776722090261	0	97.8622327790974	Commd7	618
0	2.14007782101167	97.8599221789883	Syvn1	619
0	2.14132762312634	97.8586723768737	Slit1	620
0	2.14285714285714	97.8571428571428	Frmd4a	621
0	2.18068535825545	97.8193146417446	Sec22b	622
1.57397691500525	0.629590766002099	97.7964323189927	Zfp64	623
0	2.20532319391635	97.7946768060837	Tmem27	624
0	2.2108843537415	97.7891156462585	Sec14l4	625
0	2.21327967806841	97.7867203219316	Fut11	626
2.23577235772358	0	97.7642276422764	Exd2	627
2.23642172523962	0	97.7635782747604	Adamts9	628
0	2.24719101123596	97.752808988764	Tex21	629
0	2.25140712945591	97.7485928705441	Rubcn	630
2.28509249183896	0	97.714907508161	Gatad2b	631
2.2977022977023	0	97.7022977022977	Vmp1	632
0	2.29885057471264	97.7011494252874	Mdk	633
2.30547550432277	0	97.6945244956772	Oosp1	634
2.32172470978441	0	97.6782752902156	Mdga2	635
2.32258064516129	0	97.6774193548387	Sufu	636
0	2.32804232804233	97.6719576719577	Lrp10	637
0	2.37203495630462	97.6279650436954	Dhrs9	638
2.38870792616721	0	97.6112920738328	Them6	639
0	2.39680426098535	97.6031957390147	Noxred1	640
0	2.43093922651934	97.5690607734807	Bet1	641
0	2.47005988023952	97.5299401197605	Tex35	642
0	2.47524752475248	97.5247524752475	BC051142	643
2.47568523430592	0	97.5243147656941	Lars2	644
0	2.47831474597274	97.5216852540273	Olfr164	645
2.48262164846078	0	97.5173783515392	Hax1	646
0	2.4896265560166	97.5103734439834	Actr10	647
0	2.49480249480249	97.5051975051975	Ppm1h	648
0	2.5	97.5	Dcbld1	649
0	2.50431778929188	97.4956822107081	4930577N17Rik	650
0.835322195704057	1.67064439140811	97.4940334128878	Platr10	651
2.51256281407035	0	97.4874371859297	Ccdc160	652
0	2.5164113785558	97.4835886214442	Sept5	653
2.53164556962025	0	97.4683544303797	Ddt	654
0	2.5531914893617	97.4468085106383	Usp47	655
0	2.55474452554745	97.4452554744526	Gh	656
0	2.57234726688103	97.427652733119	Otud5	657
2.58751902587519	0	97.4124809741248	Sfn	658
0	2.60736196319018	97.3926380368098	Izumo1r	659
2.61437908496732	0	97.3856209150327	Dnajc19	660
2.66094420600858	0	97.3390557939914	Ccdc85a	661
0	2.70618556701031	97.2938144329897	Slc34a1	662
2.71565495207668	0	97.2843450479233	Rab26	663
2.00546946216955	0.72926162260711	97.2652689152233	D5Ertd615e	664
0	2.76717557251908	97.2328244274809	Ncam1	665
0	2.76923076923077	97.2307692307692	Cdhr3	666
0	2.77227722772277	97.2277227722772	Dnm3	667
0	2.77481323372465	97.2251867662753	Tpgs2	668
0	2.77777777777778	97.2222222222222	Adk	669
0	2.77777777777778	97.2222222222222	Mrps31	670
1.90627482128674	0.873709293089754	97.2200158856235	Gpr17	671
0	2.78128950695322	97.2187104930468	Dnajc7	672
0	2.78716216216216	97.2128378378378	Tm9sf1	673
2.81124497991968	0	97.1887550200803	Actr3b	674
2.58717660292463	0.224971878515186	97.1878515185602	Ifitm10	675
2.85459411239964	0	97.1454058876004	Sec24d	676
0	2.85714285714286	97.1428571428571	Tmco1	677
2.88600288600289	0	97.1139971139971	Sytl2	678
0	2.8869286287089	97.1130713712911	Gm1965	679
2.90055248618785	0	97.0994475138122	Mitd1	680
0	2.93427230046948	97.0657276995305	Arhgap25	681
0	2.94736842105263	97.0526315789474	Scd1	682
0	2.94759825327511	97.0524017467249	Lman1	683
0	2.95489891135303	97.045101088647	Rufy1	684
2.98826040554963	0	97.0117395944504	Brf2	685
0	2.99625468164794	97.0037453183521	Arfgef2	686
0	3.00081103000811	96.9991889699919	Acmsd	687
0	3.03413400758533	96.9658659924147	Klra3	688
0	3.04878048780488	96.9512195121951	Hhex	689
3.05635148042025	0	96.9436485195798	Pnp2	690
0	3.0812324929972	96.9187675070028	Thyn1	691
0	3.08219178082192	96.9178082191781	Hcrtr2	692
0	3.08219178082192	96.9178082191781	Uba5	693
0	3.11111111111111	96.8888888888889	Ubr3	694
3.11457174638487	0	96.8854282536151	Angptl6	695
3.11850311850312	0	96.8814968814969	Gphn	696
3.18181818181818	0	96.8181818181818	Nt5m	697
0	3.18725099601594	96.8127490039841	Cacnb1	698
0	3.19444444444444	96.8055555555556	2210013O21Rik	699
3.11769290724864	0.0779423226812159	96.8043647700702	Cygb	700
0	3.19735391400221	96.8026460859978	Itgax	701
3.1987814166032	0	96.8012185833968	Slc38a5	702
0.8	2.4	96.8	Acad8	703
0	3.26315789473684	96.7368421052632	Cdyl2	704
0	3.27706057596822	96.7229394240318	Ift20	705
0	3.28151986183074	96.7184801381693	Rnase6	706
0	3.28467153284671	96.7153284671533	Mzb1	707
0	3.30578512396694	96.6942148760331	Scn4a	708
0	3.32950631458094	96.6704936854191	Hs3st1	709
0	3.34261838440111	96.6573816155989	Tulp3	710
0	3.34685598377282	96.6531440162272	Rpl36al	711
3.36391437308869	0	96.6360856269113	Foxp3	712
3.36496980155306	0	96.6350301984469	Lgals8	713
3.36943441636582	0	96.6305655836342	Zbtb2	714
3.36967294350842	0	96.6303270564916	Msn	715
0	3.38427947598253	96.6157205240175	Entpd3	716
3.4	0	96.6	Tmem147	717
0	3.40557275541796	96.594427244582	Dnmt3l	718
0	3.41296928327645	96.5870307167235	Plekha2	719
3.42105263157895	0	96.5789473684211	Idi1	720
3.42105263157895	0	96.5789473684211	Nlk	721
3.42741935483871	0	96.5725806451613	Sft2d2	722
0	3.43035343035343	96.5696465696466	Bcl2l15	723
0	3.44827586206897	96.551724137931	Fbxl2	724
3.46534653465347	0	96.5346534653465	Ccdc43	725
3.46878097125867	0	96.5312190287413	Tmed2	726
0	3.47144456886898	96.528555431131	Phlda3	727
3.4729315628192	0	96.5270684371808	Slc16a14	728
0	3.47394540942928	96.5260545905707	Gm14085	729
0	3.48360655737705	96.516393442623	Tmed4	730
0	3.50467289719626	96.4953271028037	Baz1a	731
0	3.5181236673774	96.4818763326226	Cd53	732
0.270758122743682	3.24909747292419	96.4801444043321	Sdhaf4	733
0	3.52045670789724	96.4795432921028	Srebf2	734
0.725294650951949	2.8105167724388	96.4641885766093	Fbxo9	735
3.54077253218884	0	96.4592274678112	Ift22	736
3.54191263282172	0	96.4580873671783	Slc12a7	737
3.55392156862745	0	96.4460784313726	Gm19705	738
3.55504587155963	0	96.4449541284404	Arhgef1	739
0	3.55555555555556	96.4444444444444	Fam63b	740
3.55594102341717	0	96.4440589765828	Mrgprb3	741
0	3.55731225296443	96.4426877470356	Ffar1	742
0	3.56037151702786	96.4396284829721	Cd8a	743
0	3.5677879714577	96.4322120285423	Il4	744
0	3.58381502890173	96.4161849710983	Gm12596	745
3.58490566037736	0	96.4150943396226	Zdhhc4	746
0	3.59066427289048	96.4093357271095	Cd79b	747
3.59147025813693	0	96.4085297418631	Nprl2	748
3.61560418648906	0	96.3843958135109	Zfp672	749
0	3.63321799307958	96.3667820069204	C8a	750
0	3.63436123348018	96.3656387665198	Gcm2	751
0.826446280991736	2.8099173553719	96.3636363636364	1600029I14Rik	752
0	3.64004044489383	96.3599595551062	Napepld	753
0	3.64583333333333	96.3541666666667	Il5ra	754
0	3.65251727541955	96.3474827245805	Doc2a	755
3.65853658536585	0	96.3414634146341	Ptgs2os2	756
0	3.67751060820368	96.3224893917963	Mgrn1	757
0	3.69702434625789	96.3029756537421	Gkn3	758
0	3.69822485207101	96.301775147929	4933404K13Rik	759
0	3.7122969837587	96.2877030162413	Galnt2	760
0	3.71318822023047	96.2868117797695	Gp1bb	761
0	3.71859296482412	96.2814070351759	Mageh1	762
3.73831775700935	0	96.2616822429907	Polrmt	763
3.74493927125506	0	96.2550607287449	Ptcra	764
3.74609781477627	0	96.2539021852237	Tmc4	765
3.7463976945245	0	96.2536023054755	Maml1	766
1.97132616487455	1.7921146953405	96.2365591397849	Fam220a	767
0	3.78096479791395	96.219035202086	Nck2	768
0	3.78486055776892	96.2151394422311	Fam81a	769
2.48538011695906	1.31578947368421	96.1988304093567	Ogfrl1	770
0	3.81050463439753	96.1894953656025	Slc33a1	771
0	3.81679389312977	96.1832061068702	Trib2	772
0.804020100502513	3.01507537688442	96.1809045226131	Plxnd1	773
0	3.82595648912228	96.1740435108777	Gfra3	774
3.83211678832117	0	96.1678832116788	Sod1	775
0	3.83838383838384	96.1616161616162	Slc35f3	776
3.83928571428571	0	96.1607142857143	Ndufb11	777
0	3.87755102040816	96.1224489795918	Hsf4	778
0	3.92491467576792	96.0750853242321	AF067061	779
0	3.93120393120393	96.0687960687961	Fbxo16	780
0	3.95480225988701	96.045197740113	Bin1	781
0	3.96301188903567	96.0369881109643	Klrc2	782
0	3.97260273972603	96.027397260274	Rab11fip4	783
4.0078201368524	0	95.9921798631476	Eef1akmt1	784
0.210970464135021	3.79746835443038	95.9915611814346	Erp27	785
0	4.01459854014599	95.985401459854	Alpl	786
0	4.01606425702811	95.9839357429719	Ebf1	787
0	4.01913875598086	95.9808612440191	Ube2e2	788
0.914076782449726	3.10786106032907	95.9780621572212	Ufd1l	789
4.031465093412	0	95.968534906588	Slc39a11	790
4.03726708074534	0	95.9627329192547	Mxd1	791
0	4.05083399523431	95.9491660047657	Srrm4os	792
0	4.07185628742515	95.9281437125748	Ifnlr1	793
4.07969639468691	0	95.9203036053131	Extl2	794
4.08163265306122	0	95.9183673469388	Zscan12	795
4.08695652173913	0	95.9130434782609	Zfp772	796
0.821018062397373	3.28407224958949	95.8949096880131	Stk3	797
0	4.11184210526316	95.8881578947368	Nrg2	798
0	4.12474849094567	95.8752515090543	Sfswap	799
0	4.12782956058589	95.8721704394141	Clec4f	800
0	4.13145539906103	95.868544600939	Fam118a	801
4.15821501014199	0	95.841784989858	Srp72	802
0	4.18367346938776	95.8163265306122	AI597479	803
0	4.19426048565121	95.8057395143488	Cysrt1	804
0	4.20271940667491	95.7972805933251	Ugcg	805
4.20560747663551	0	95.7943925233645	Eif2ak4	806
0	4.20711974110032	95.7928802588997	Tnnc1	807
0	4.20944558521561	95.7905544147844	Mical3	808
0	4.21286031042129	95.7871396895787	Rhbdl1	809
4.21686746987952	0	95.7831325301205	Abhd17b	810
4.22691879866518	0	95.7730812013348	Vps37c	811
4.23280423280423	0	95.7671957671958	Gstp1	812
4.24836601307189	0	95.7516339869281	Ube2d2a	813
0	4.26540284360189	95.7345971563981	Srgap3	814
2.60972716488731	1.66073546856465	95.729537366548	Prrt2	815
0	4.30416068866571	95.6958393113343	Paqr7	816
0	4.30622009569378	95.6937799043062	Lclat1	817
0	4.31893687707641	95.6810631229236	Pdcd10	818
0	4.32033719704953	95.6796628029505	Cuedc1	819
0.998336106489185	3.32778702163062	95.6738768718802	Mast2	820
0	4.33369447453954	95.6663055254604	Tpk1	821
3.80952380952381	0.529100529100529	95.6613756613757	Rasa1	822
4.33884297520661	0	95.6611570247934	Abhd14b	823
4.34192672998643	0	95.6580732700136	Crtam	824
0	4.34782608695652	95.6521739130435	AA467197	825
0	4.34782608695652	95.6521739130435	Bmyc	826
0	4.35203094777563	95.6479690522244	Mavs	827
0.120918984280532	4.23216444981862	95.6469165659008	Arg2	828
4.35729847494553	0	95.6427015250545	Adck1	829
4.05117270788913	0.319829424307036	95.6289978678038	Timm44	830
1.55535224153705	2.83623055809698	95.608417200366	Epb41l4aos	831
0	4.40074906367041	95.5992509363296	Klri1	832
4.42260442260442	0	95.5773955773956	Klrb1	833
4.4468546637744	0	95.5531453362256	Zfp382	834
0	4.44743935309973	95.5525606469003	Gm12159	835
0	4.45103857566766	95.5489614243323	Ddx54	836
0	4.46428571428571	95.5357142857143	Bin2	837
0	4.5135406218656	95.4864593781344	Setd3	838
4.51612903225806	0	95.4838709677419	Ntn1	839
0	4.53257790368272	95.4674220963173	Fcrl1	840
4.57280385078219	0	95.4271961492178	Mta3	841
0	4.60251046025105	95.3974895397489	Tnfrsf19	842
0	4.61165048543689	95.3883495145631	Tigar	843
0	4.62046204620462	95.3795379537954	Hmgn3	844
0	4.62143559488692	95.3785644051131	Gm4262	845
0	4.62962962962963	95.3703703703704	Gpatch1	846
0	4.62962962962963	95.3703703703704	Mark3	847
4.64684014869888	0	95.3531598513011	Sec61b	848
0	4.65116279069767	95.3488372093023	Lama2	849
0	4.6656298600311	95.3343701399689	Gm11627	850
3.25732899022801	1.41150922909881	95.3311617806732	Taf12	851
0	4.69613259668508	95.3038674033149	Irf8	852
0	4.71014492753623	95.2898550724638	Cnpy4	853
0	4.72659870250232	95.2734012974977	Gm8013	854
4.72906403940887	0	95.2709359605911	Rab24	855
3.94866732477789	0.789733464955578	95.2615992102665	Acvr1b	856
0	4.75319926873857	95.2468007312614	Pkig	857
4.75578406169666	0	95.2442159383033	Fuca2	858
4.38461538461539	0.384615384615385	95.2307692307692	Insm1	859
0	4.77178423236515	95.2282157676349	Ext2	860
0	4.79041916167665	95.2095808383233	Atg13	861
0	4.79134466769706	95.2086553323029	Zmpste24	862
4.70219435736677	0.104493207941484	95.1933124346917	Xrcc4	863
0	4.81770833333333	95.1822916666667	Dgkeos	864
0	4.82076637824475	95.1792336217553	Rassf6	865
0.5	4.33333333333333	95.1666666666667	Btbd3	866
0.395647873392681	4.45103857566766	95.1533135509397	Ifit1bl2	867
4.85197368421053	0	95.1480263157895	Dsg1b	868
0	4.86039296794209	95.1396070320579	Calu	869
4.29389312977099	0.572519083969466	95.1335877862595	Mrpl57	870
0	4.87106017191977	95.1289398280802	Tceal3	871
4.90693739424704	0	95.0930626057529	4930529C04Rik	872
2.35173824130879	2.55623721881391	95.0920245398773	Slc36a3	873
4.65116279069767	0.258397932816538	95.0904392764858	Srsf12	874
3.95371263259402	0.964320154291225	95.0819672131148	Slc30a6	875
0	4.96277915632754	95.0372208436725	Rab27a	876
0	4.96760259179266	95.0323974082073	Zfp318	877
4.9718574108818	0	95.0281425891182	Tmem258	878
0	4.97835497835498	95.021645021645	Lactb	879
2.19033232628399	2.79456193353474	95.0151057401813	Oprd1	880
2.58236865538736	2.40427426536064	95.013357079252	Amhr2	881
0.760043431053203	4.23452768729642	95.0054288816504	Avpr2	882
0	5	95	Bach2	883
4.69255663430421	0.323624595469256	94.9838187702265	Lcp2	884
0	5.01882057716437	94.9811794228356	Snhg18	885
0	5.0381679389313	94.9618320610687	Ly6k	886
0	5.04201680672269	94.9579831932773	Raver2	887
4.06342913776016	0.991080277502478	94.9454905847374	Srp19	888
5.05952380952381	0	94.9404761904762	Mthfd2	889
0	5.06950122649223	94.9304987735078	2310022A10Rik	890
0	5.07343124165554	94.9265687583445	Abi2	891
0	5.0796812749004	94.9203187250996	Rpn2	892
3.35135135135135	1.72972972972973	94.9189189189189	Rasa4	893
5.09554140127389	0	94.9044585987261	Pja1	894
5.11571254567601	0	94.884287454324	Ipcef1	895
5.1207729468599	0	94.8792270531401	Ube2b	896
5.13326752221125	0	94.8667324777887	C1ql3	897
0	5.15806988352745	94.8419301164725	Spib	898
0	5.1605504587156	94.8394495412844	Ankrd27	899
5.16605166051661	0	94.8339483394834	Ict1	900
0	5.18672199170124	94.8132780082988	Nfyc	901
0	5.18867924528302	94.811320754717	Rdx	902
0	5.19187358916479	94.8081264108352	Cd19	903
1.69971671388102	3.49386213408876	94.8064211520302	Tpt1	904
0	5.21861777150917	94.7813822284908	L3mbtl2	905
3.91959798994975	1.30653266331658	94.7738693467337	4931428L18Rik	906
0	5.23311132254995	94.7668886774501	Ubp1	907
5.25783619817998	0	94.74216380182	Mturn	908
0	5.25854513584575	94.7414548641542	Zfp787	909
0	5.26315789473684	94.7368421052632	Prkra	910
3.42405618964004	1.84372256365233	94.7322212467076	Tefm	911
0	5.27831094049904	94.721689059501	Lgals1	912
0	5.28025995125914	94.7197400487409	Crocc2	913
0	5.28200537153089	94.7179946284691	Ntn5	914
5.28497409326425	0	94.7150259067357	Agtpbp1	915
0	5.31697341513292	94.6830265848671	Cat	916
2.08092485549133	3.23699421965318	94.6820809248555	Amot	917
0	5.3206002728513	94.6793997271487	Ccdc134	918
3.86151797603196	1.4647137150466	94.6737683089214	Gripap1	919
0	5.36105032822757	94.6389496717724	Prg3	920
0	5.37229029217719	94.6277097078228	Lcat	921
5.38160469667319	0	94.6183953033268	Pip4k2b	922
0	5.42340627973359	94.5765937202664	Trim9	923
5.48281505728314	0	94.5171849427169	Isca1	924
3.33333333333333	2.16666666666667	94.5	Olfr525	925
5.50935550935551	0	94.4906444906445	Lamb1	926
0	5.54089709762533	94.4591029023747	Nrxn2	927
0	5.55555555555556	94.4444444444444	Vegfa	928
0	5.58858501783591	94.4114149821641	Fam122a	929
5.60836501901141	0	94.3916349809886	Tas2r135	930
0	5.60859188544153	94.3914081145585	Kmo	931
0	5.6241426611797	94.3758573388203	Vpreb2	932
0	5.62659846547315	94.3734015345268	Cdv3	933
0.858895705521472	4.78527607361963	94.3558282208589	Gzma	934
5.68079350766456	0	94.3192064923354	Ndufa4l2	935
5.68603213844252	0	94.3139678615575	Tdgf1	936
0	5.68669527896996	94.31330472103	Sh3bp5	937
0	5.69832402234637	94.3016759776536	Cul9	938
5.70264765784114	0	94.2973523421589	Rmnd5b	939
0	5.70801317233809	94.2919868276619	Ube2j2	940
5.71847507331378	0	94.2815249266862	Pde4a	941
5.71992110453649	0	94.2800788954635	Spcs3	942
0	5.74088440651668	94.2591155934833	Tmem150c	943
0	5.74257425742574	94.2574257425743	4933432I03Rik	944
3.68620037807183	2.07939508506616	94.234404536862	Dhdds	945
0.617919670442842	5.14933058702369	94.2327497425335	Gnai1	946
5.76923076923077	0	94.2307692307692	Fsip1	947
5.79545454545454	0	94.2045454545455	Capza1	948
0	5.8	94.2	Osm	949
0	5.80110497237569	94.1988950276243	Eomes	950
0	5.80708661417323	94.1929133858268	Ccdc126	951
3.39943342776204	2.40793201133144	94.1926345609065	Lipc	952
0	5.82120582120582	94.1787941787942	Stoml1	953
0	5.83173996175908	94.1682600382409	Mapk9	954
5.86510263929619	0	94.1348973607038	Rasgef1a	955
0	5.87583148558758	94.1241685144124	Pgls	956
5.8759521218716	0	94.1240478781284	Lasp1	957
3.85356454720617	2.02312138728324	94.1233140655106	Gys1	958
0	5.88928150765607	94.1107184923439	Havcr1	959
0	5.93325092707046	94.0667490729295	Klre1	960
3.39393939393939	2.54545454545455	94.0606060606061	6330403K07Rik	961
0	5.96421471172962	94.0357852882704	Manf	962
0	5.97014925373134	94.0298507462687	Wdr11	963
5.9745347698335	0	94.0254652301665	Sec63	964
0	5.97701149425287	94.0229885057471	Cd79a	965
0.709939148073022	5.27383367139959	94.0162271805274	Lrrc41	966
5.99033816425121	0	94.0096618357488	Dusp26	967
5.99812558575445	0	94.0018744142455	Brsk2	968
4.28816466552316	1.71526586620926	93.9965694682676	Nedd1	969
6.00414078674948	0	93.9958592132505	Angptl3	970
0	6.03644646924829	93.9635535307517	C1qtnf1	971
0	6.07798165137615	93.9220183486239	Sipa1	972
6.0893098782138	0	93.9106901217862	Far1	973
6.09523809523809	0	93.9047619047619	Abtb1	974
6.10079575596817	0	93.8992042440318	Zfp948	975
0	6.11045828437133	93.8895417156287	Stk39	976
0	6.11854684512428	93.8814531548757	Prkch	977
6.12033195020747	0	93.8796680497925	Evc2	978
6.12485276796231	0	93.8751472320377	Trpm5	979
0	6.13496932515337	93.8650306748466	Srpk3	980
1.143583227446	5.08259212198221	93.7738246505718	Il27ra	981
6.2363238512035	0	93.7636761487965	4933400F21Rik	982
6.23931623931624	0	93.7606837606838	Faim2	983
0	6.25	93.75	Pigk	984
0	6.25	93.75	Ngfr	985
0	6.26450116009281	93.7354988399072	Kcnj8	986
6.26728110599078	0	93.7327188940092	Tbc1d15	987
6.27753303964758	0	93.7224669603524	Atxn7l3	988
0	6.28930817610063	93.7106918238994	Tmie	989
6.3013698630137	0	93.6986301369863	Actb	990
6.31479736098021	0	93.6852026390198	Mafk	991
0	6.3305978898007	93.6694021101993	Sytl5	992
6.33165829145729	0	93.6683417085427	Wdr1	993
0.666666666666667	5.66666666666667	93.6666666666667	Lrrc16a	994
0	6.34755463059313	93.6524453694069	Kank2	995
2.65654648956357	3.70018975332068	93.6432637571157	Atg9b	996
1.05092966855295	5.3354890864996	93.6135812449475	March6	997
0	6.3953488372093	93.6046511627907	Zscan10	998
0	6.42201834862385	93.5779816513761	Mgat3	999
6.43044619422572	0	93.5695538057743	Eif2b4	1000
6.44468313641246	0	93.5553168635875	Ankrd55	1001
0	6.44718792866941	93.5528120713306	Tnfaip8l1	1002
6.46221248630887	0	93.5377875136911	Xcl1	1003
0.925925925925926	5.55555555555556	93.5185185185185	Tdrp	1004
0	6.4922480620155	93.5077519379845	Zbtb22	1005
3.50649350649351	2.98701298701299	93.5064935064935	Ptpre	1006
0	6.51769087523278	93.4823091247672	Siglecg	1007
0	6.52173913043478	93.4782608695652	Chst3	1008
0.45766590389016	6.06407322654462	93.4782608695652	Cep290	1009
4.31235431235431	2.21445221445221	93.4731934731935	Cma1	1010
0	6.55172413793103	93.448275862069	Arhgef4	1011
5.3448275862069	1.20689655172414	93.448275862069	Dis3l	1012
6.56084656084656	0	93.4391534391534	Wiz	1013
0	6.56506447831184	93.4349355216882	Klra5	1014
6.58036677454153	0	93.4196332254585	Esyt1	1015
0	6.58959537572254	93.4104046242774	Brwd1	1016
0	6.59722222222222	93.4027777777778	Hapln1	1017
4.17881438289602	2.42954324586978	93.3916423712342	Efna1	1018
6.61553211888782	0	93.3844678811122	Madcam1	1019
0	6.61641541038526	93.3835845896147	Il20rb	1020
0	6.61853188929001	93.38146811071	Agpat5	1021
0	6.63316582914573	93.3668341708543	Pten	1022
0	6.63615560640732	93.3638443935927	Plpp3	1023
6.63942798774259	0	93.3605720122574	Gabra4	1024
1.48731408573928	5.16185476815398	93.3508311461067	Clca3a1	1025
1.88133140376266	4.77568740955137	93.342981186686	Edem1	1026
0	6.70212765957447	93.2978723404255	Srpr	1027
6.71487603305785	0	93.2851239669422	Ston1	1028
5.60538116591928	1.12107623318386	93.2735426008968	Mgme1	1029
0	6.74157303370786	93.2584269662921	Klra7	1030
0	6.76274944567627	93.2372505543237	Ppp1r18	1031
0	6.76691729323308	93.2330827067669	Arhgap21	1032
0	6.78391959798995	93.21608040201	Gopc	1033
0	6.78952473326867	93.2104752667313	Olfr433	1034
0	6.81318681318681	93.1868131868132	Slc39a5	1035
0	6.8241469816273	93.1758530183727	Fcmr	1036
0	6.85224839400428	93.1477516059957	Il9r	1037
4.46521287642783	2.3883696780893	93.1464174454829	Lrrc27	1038
0	6.86406460296097	93.135935397039	Notch1	1039
6.88524590163934	0	93.1147540983606	Mreg	1040
6.90045248868778	0	93.0995475113122	Arhgap9	1041
6.91943127962085	0	93.0805687203791	Clic3	1042
0	6.92588092345079	93.0741190765492	Rnf19a	1043
6.93170234454638	0	93.0682976554536	Supt4b	1044
0	6.93970420932878	93.0602957906712	Znrf2	1045
6.96774193548387	0	93.0322580645161	Xbp1	1046
6.96821515892421	0	93.0317848410758	Cab39	1047
0	6.96864111498258	93.0313588850174	Ssr4	1048
0	6.98080279232112	93.0191972076789	Tmem242	1049
4.0737148399612	2.909796314258	93.0164888457808	Fchsd1	1050
0	6.99088145896657	93.0091185410334	Ergic3	1051
6.99815837937385	0	93.0018416206262	Armc1	1052
7.04960835509138	0	92.9503916449086	Adgrg2	1053
0	7.06521739130435	92.9347826086956	Icmt	1054
7.08133971291866	0	92.9186602870814	Chka	1055
0	7.11159737417943	92.8884026258206	Recql	1056
0	7.11297071129707	92.8870292887029	Ehf	1057
0	7.11340206185567	92.8865979381443	Nat8f1	1058
7.11422845691383	0	92.8857715430862	Slc25a37	1059
3.63408521303258	3.50877192982456	92.8571428571428	Ppp2r2a	1060
7.14908456843941	0	92.8509154315606	Pkhd1	1061
7.15071507150715	0	92.8492849284928	Gsk3a	1062
0	7.15746421267894	92.8425357873211	Fcrla	1063
7.16889428918591	0	92.8311057108141	Vwf	1064
0	7.17703349282297	92.822966507177	H19	1065
0	7.18667835232252	92.8133216476775	4632415L05Rik	1066
0	7.18954248366013	92.8104575163399	Sh2d1a	1067
7.19929762949956	0	92.8007023705004	Atp6v1c2	1068
4.04234841193455	3.17613089509143	92.781520692974	Pcca	1069
4.14691943127962	3.08056872037915	92.7725118483412	Fam19a3	1070
1.99809705042816	5.23311132254995	92.7687916270219	Dlg1	1071
0	7.23981900452489	92.7601809954751	Cxx1c	1072
0	7.24465558194774	92.7553444180523	Bend4	1073
0	7.26495726495727	92.7350427350427	Ermp1	1074
0	7.27470141150923	92.7252985884908	Prkci	1075
0	7.27630285152409	92.7236971484759	Aire	1076
0	7.30868443680138	92.6913155631986	Isca2	1077
0	7.31182795698925	92.6881720430108	Jrkl	1078
0	7.31707317073171	92.6829268292683	Bcorl1	1079
1.73410404624277	5.58766859344894	92.6782273603083	Hspb11	1080
7.32635585156993	0	92.6736441484301	Shroom1	1081
0	7.33249051833123	92.6675094816688	Klhl30	1082
0	7.35294117647059	92.6470588235294	Pigh	1083
0	7.36196319018405	92.638036809816	AU018091	1084
0	7.36961451247166	92.6303854875284	Il4ra	1085
0	7.38699007717751	92.6130099228225	Scfd2	1086
7.39176346356917	0	92.6082365364308	Krtcap2	1087
0	7.40242261103634	92.5975773889637	Selplg	1088
6.01202404809619	1.40280561122244	92.5851703406814	Fcrlb	1089
0	7.42092457420924	92.5790754257907	Rtn4ip1	1090
0	7.43718592964824	92.5628140703518	Arhgdia	1091
0	7.45052386495925	92.5494761350407	Nucb1	1092
0	7.45614035087719	92.5438596491228	Ppp1r36	1093
0	7.47863247863248	92.5213675213675	Inafm2	1094
0	7.49354005167959	92.5064599483204	Synpo2	1095
0.423280423280423	7.08994708994709	92.4867724867725	Gzmm	1096
0	7.52056404230317	92.4794359576968	Tnnt1	1097
